trial,active,action,correct,net_energy,energy,mass_a,mass_b,store_a,store_b,resets,mass_added,mass_lost,consumed,overflow,external,balance_error,demand_a,demand_b
0,1,0,1,0.06686236624695811,4.0,21.02020774892332,7.4966651326648615,0.3232775661483199,0.05832876313297999,1,0.8146040685933864,0.7103145849485846,0.1241841219546097,0.0,0.0,0.0,0.08060104960428169,0.07538911347573723
1,1,1,1,-0.23296887346142517,3.767031126538575,21.007054401637603,7.488726254194002,0.48769636255094967,0.05326723523811446,1,0.6918295962831267,0.7129218220397044,0.10419099206349507,0.43966539688991935,0.0,0.0,0.07382182469430196,0.06797021345721801
2,1,0,1,0.06705431988346595,3.834085446422041,20.988418047784528,7.4319109948591136,0.47553346711615446,0.049582117467570574,1,0.6369429032078302,0.7123945163957901,0.09508807923203458,0.0,0.0,0.0,0.07297737260877124,0.0656789697871948
3,1,0,1,0.0670348375296826,3.9011202839517236,20.97826655574847,7.37879144341338,0.46318339406787373,0.045843068408186215,1,0.6472371825842984,0.7105082260660911,0.09653473264599113,0.0,0.0,0.0,0.07410043828968496,0.06612750349790779
4,1,2,0,-0.23315138320297144,3.667968900748752,21.023185672814478,7.564258401783524,0.4495869718694518,0.2835066237777781,1,0.939312525415199,0.7089264499790464,0.15559720097297977,0.0,0.0,0.0,0.08157853319053089,0.0740186677824489
5,1,0,1,0.06679983534642862,3.7347687360951807,21.07813678706182,7.758106236353644,0.4357301931319431,0.27069745858815203,1,0.9634850506824092,0.7146861018649502,0.1599956635628085,0.0,0.0,0.0,0.08314067242505246,0.07685499113775603
6,1,0,1,0.06677586800373202,3.8015446040989125,21.13162121420704,7.95458490863109,0.42187802841925354,0.2576224343521106,1,0.9708691750080538,0.7209060755853866,0.16156313369238634,0.0,0.0,0.0,0.08311298827613739,0.07845014541624894
7,1,0,0,0.06674409096495358,3.868288695063866,21.189168399188517,8.154140913332306,0.40790117193322145,0.24429411707707835,1,0.9842583427536431,0.7271551530709532,0.1638310425663856,0.0,0.0,0.0,0.08386113891619222,0.07996990365019337
8,1,0,1,0.06699917177065703,3.935287866834523,21.1657342396346,8.294029365166136,0.39575792380496244,0.23284529095009834,1,0.8500370250929361,0.7335827328130206,0.14155244553143428,0.0,0.0,0.0,0.07285948876955448,0.06869295676187981
9,1,0,1,0.06670746145871713,4.0,21.224892147169218,8.494115348418838,0.38172737133931184,0.2191940604560192,1,0.995737980907338,0.7364940901200184,0.16609069775837854,0.0,0.0,0.0,0.0841833147939036,0.08190738296447495
10,1,0,1,0.0666641399434174,4.0,21.28940790757501,8.699269616042926,0.367533883104231,0.20520604203074153,1,1.0126452154195849,0.7429751873897014,0.16908903996215077,0.0,0.0,0.0,0.08516092941048475,0.08392811055166605
11,1,0,1,0.06694928243793466,4.0,21.271278462460476,8.834567646576854,0.35520219426328586,0.1934432827944764,1,0.8668855235098374,0.7497169380904486,0.14456668846326137,0.0,0.0,0.0,0.07399013304567058,0.0705765554175908
12,1,0,1,0.06665407724784524,4.0,21.333030450460143,9.034778045644348,0.34105510964763514,0.17932411806394988,1,1.0146085397931,0.7526461527259333,0.16959749607706395,0.0,0.0,0.0,0.08488250769390489,0.08471498838315909
13,1,2,1,-0.23307918293408916,3.7669208170659108,21.313746086627155,9.165558975145604,0.32873408613373695,0.4028287669076999,1,0.8706917780708773,0.7591952124026125,0.14490245015704617,0.08799579786384282,0.0,0.0,0.0739261410833886,0.07097630907365754
14,1,0,1,0.06694087685177466,3.8338616939176853,21.27705456414854,9.292318349702487,0.31683513394066765,0.3910350660359067,1,0.8520504786225866,0.761982626544319,0.14215591838917513,0.0,0.0,0.0,0.07139371315841617,0.07076220523075896
15,1,0,1,0.06694097090296984,3.900802664820655,21.245438858447432,9.413709178700943,0.3048385433586112,0.3793098041995066,1,0.8540094461436246,0.7642343228462758,0.14233111451073913,0.0,0.0,0.0,0.07197954349233858,0.07035157101840056
16,1,1,1,-0.23344304211098724,3.6673596227096676,21.325075570734683,9.621079718827353,0.48544570824502326,0.3644605080042432,1,1.0534859533423688,0.7664787009287095,0.1764215277014406,0.3290312601516675,0.0,1.1102230246251565e-16,0.08732575052986025,0.08909577717158033
17,1,0,0,0.0664704775145924,3.73383010022426,21.42139729863902,9.831587548307672,0.4704407552809015,0.34936928056980016,1,1.0804834396237073,0.7736538822390508,0.1805770823913885,0.0,0.0,0.0,0.09002971778473057,0.09054736460665795
18,1,2,1,-0.2335624935217706,3.5002676067024896,21.519326372512314,10.042281287631528,0.45533981946168267,0.48248692043856894,1,1.0899474343708166,0.7813246211736673,0.18222078751150309,0.6096789881911971,0.0,5.551115123125783e-17,0.09060561491531273,0.09161517259619036
19,1,0,1,0.06707339002931373,3.5673409967318035,21.401209931787694,10.13324630655088,0.4452643289498927,0.4712765226710172,1,0.7618887696983293,0.7890401915035961,0.12771532967605023,0.0,0.0,0.0,0.06045294307073979,0.06726238660531045
20,1,0,1,0.06637852831879139,3.6337195250505947,21.51370833805519,10.345526609716238,0.42984156291506276,0.45571967689824416,1,1.113140115391317,0.7883614059584645,0.18587767084561807,0.0,0.0,0.0,0.09253659620898003,0.09334107463663806
21,1,0,1,0.06690734250036415,3.700626867550959,21.444238497676174,10.453548095926495,0.41859450561759187,0.44370461818006884,1,0.835032519525526,0.7964808736942857,0.13957269609387796,0.0,0.0,0.0,0.06748234378482569,0.07209035230905227
22,1,0,1,0.06634088191124222,3.766967749462201,21.559656323264292,10.661876154779035,0.4030762226841545,0.42800728780329234,1,1.1211905492807235,0.7974446648400667,0.1872936798612823,0.0,0.0,0.0,0.09310969760062361,0.09418398226065869
23,1,0,1,0.06633549354709799,3.833303243009299,21.66772793323159,10.869990993213168,0.38766869360622164,0.41217404622333964,1,1.1217247603525187,0.8055383119510832,0.18744462394731348,0.0,0.0,0.0,0.09244517446759734,0.09499944947971613
24,1,0,1,0.06631879560028679,3.8996220386095857,21.77396278727783,11.075458031008802,0.3722409228748392,0.39627166892326,1,1.1251448650029943,0.813442973161119,0.1879808881887728,0.0,0.0,0.0,0.0925666243882944,0.09541426380047842
25,1,0,1,0.06685858326156777,3.9664806218711535,21.702235720119127,11.166319683226138,0.3608781655681899,0.38431186157228375,1,0.8403701055157986,0.821235520457166,0.13993538794575322,0.0,0.0,0.0,0.06817654383989605,0.07175884410585713
26,1,0,0,0.066284795000003,4.0,21.811642737831626,11.365251466726743,0.3453565796753429,0.368398223657408,1,1.1300526862967355,0.8217138850836317,0.18861134284633665,0.0,0.0,0.0,0.0931295153570822,0.09548182748925446
27,1,0,1,0.06629415547899777,4.0,21.90965032645291,11.557041794455209,0.33004331432747563,0.3525445950262671,1,1.1192202714637047,0.8294223551139593,0.1870013638740489,0.0,0.0,0.0,0.09187959208720366,0.09512177178684526
28,1,0,1,0.06627922899615789,4.0,22.004735358683888,11.747011866485138,0.31474293630493366,0.33660947481008524,1,1.121722407283614,0.836667303022703,0.18741298943234327,0.0,0.0,0.0,0.09180226813525189,0.09561072129709136
29,1,0,1,0.06624714613434597,4.0,22.10225723835109,11.935498234939619,0.2993296379940688,0.3205778614519982,1,1.1298019287509056,0.8437936806292257,0.18866947001371137,0.0,0.0,0.0,0.09247978986518893,0.09618968014852246
30,1,0,1,0.06683359046413156,4.0,22.015356281988495,11.995338606624003,0.28811291322449417,0.30897780056031615,1,0.8238833021540575,0.8509438868322678,0.1369007139675399,0.0,0.0,0.0,0.06730034861744788,0.06960036535009201
31,1,0,1,0.06624630167350969,4.0,22.10983310037542,12.177464539910275,0.27276986025973554,0.2929930719983774,1,1.1268701238885053,0.8502673722153125,0.1879666891601842,0.0,0.0,0.0,0.09205831778855153,0.09590837137163266
32,1,0,1,0.06623564249996693,4.0,22.20129841663478,12.353734706505882,0.2574416196443032,0.2770328969992364,1,1.124917923862116,0.8571824410071422,0.18773049368744082,0.0,0.0,0.0,0.09196944369259467,0.09576104999484612
33,1,0,1,0.06675383215188178,4.0,22.13483056306125,12.407792078958261,0.245671782175185,0.2652691471897409,1,0.8514653469573665,0.8638758280785166,0.14120152367168154,0.0,0.0,0.0,0.07061902481470873,0.07058249885697279
34,1,0,1,0.06622912122192222,4.0,22.22376048388817,12.578239701969316,0.23039462893797347,0.24933858826968766,1,1.12294310988846,0.8635655660504878,0.18724627294358875,0.0,0.0,0.0,0.09166291942326915,0.09558335352031962
35,1,0,1,0.06622063593290359,4.0,22.307212473690157,12.742780522931941,0.21519705252242669,0.23347111692460884,1,1.1180428154110498,0.8700500046464372,0.18639028656375398,0.0,0.0,0.0,0.09118545849328098,0.09520482807047302
36,1,0,1,0.0667084639669733,4.0,22.261908362613582,12.776482992892241,0.20286427792691367,0.22195253662343725,1,0.8646481837992773,0.8762498249155525,0.1431081293801072,0.0,0.0,0.0,0.07399664757307778,0.06911148180702942
37,1,0,1,0.06621889459806712,4.0,22.345678104391645,12.937096709251946,0.1876355710632717,0.20607619629682694,1,1.1203432420254162,0.8759597838876456,0.18663028314151395,0.0,0.0,0.0,0.09137224118185192,0.09525804195966206
38,1,0,1,0.06620582839086768,4.0,22.42870652456535,13.093777174921875,0.17237849844450112,0.19018900858728913,1,1.1217782561847192,0.8820693703410899,0.18686556196985016,0.0,0.0,0.0,0.0915424357126235,0.0953231262572267
39,1,0,1,0.06672729020853596,4.0,22.37686356868459,13.104896472842556,0.1601325791538438,0.17910291816009216,1,0.8473384345271033,0.8880620924871807,0.1399920583071259,0.0,0.0,0.0,0.07347551574394398,0.06651654256318193
40,1,2,1,-0.23333805990704712,3.766661940092953,22.34625681277076,13.130669261376028,0.1474297330941601,0.40196918266431175,1,0.8822100336578208,0.8870440010381787,0.14570843019316562,0.09331105913961912,0.0,5.551115123125783e-17,0.07621707635810222,0.06949135383506343
41,1,0,1,0.06613907617416777,3.8328010162671204,22.442084299073002,13.289897697422445,0.13187712958813452,0.3858278501820102,1,1.1419790742023297,0.8869231518536698,0.19016361592996284,0.0,0.0,0.0,0.09331562103615351,0.09684799489380932
42,1,0,1,0.06675741137228287,3.8995584276394033,22.35975227848337,13.298709973029606,0.1203153535000759,0.3747759404615927,1,0.819779804929913,0.8932995499123862,0.1356821148508564,0.0,0.0,0.0,0.06937065652835166,0.06631145832250475
43,1,0,1,0.06670944731303143,3.9662678749524347,22.3077560552306,13.30742396325185,0.10809123986588902,0.36361868849806944,1,0.8481793232572992,0.8914615562878244,0.14028819358626118,0.0,0.0,0.0,0.07334468180512124,0.06694351178113991
44,1,0,1,0.06668070598579348,4.0,22.26770017113916,13.321731703531789,0.09562713304831584,0.3522478225774703,1,0.8646313566505647,0.8903795004620613,0.14300983642903384,0.0,0.0,0.0,0.07478464090543908,0.06822519552359475
45,1,0,0,0.06666094617573658,4.0,22.23464899362741,13.340001431214793,0.08304697145864567,0.3407346592950881,1,0.8749543470380209,0.8897357968667738,0.14455994923231416,0.0,0.0,0.0,0.07548096953802096,0.06907897969429319
46,1,0,0,0.06618371410660456,4.0,22.32520070903471,13.48817633555296,0.067683945344147,0.32479521435130093,1,1.1280928803665256,0.8893662606210551,0.18781482634971475,0.0,0.0,0.0,0.09217815668699215,0.09563666966272258
47,1,0,1,0.06616219451970244,4.0,22.413530701390393,13.634032503335305,0.05232540529347044,0.30880028411752625,1,1.1295205862527198,0.8953344261146918,0.18812082170670757,0.0,0.0,0.0,0.09215124030405934,0.09596958140264822
48,1,0,0,0.06616682278649766,4.0,22.49824005944592,13.771558618249399,0.03700200615979232,0.2929612050215268,1,1.1234245530877613,0.9011890801181426,0.18697486937806557,0.0,0.0,0.0,0.0919403948020687,0.09503447457599687
49,1,0,1,0.06614506209969598,4.0,22.581557382511548,13.909451044582267,0.021660848708266994,0.27701511709161114,1,1.127954716340882,0.906744966942383,0.18772347228864603,0.0,0.0,0.0,0.09204694470915192,0.09567652757949406
50,1,0,0,0.06663160748649934,4.0,22.43598910079824,13.904123588352663,0.012211169521209986,0.2658108102655103,1,0.7613794727344292,0.9122752106773455,0.12392391607894707,0.0,0.0,0.0,0.07580705004793634,0.06722584095660497
51,1,0,1,0.066179051025572,4.0,22.23167723736026,14.030686859075972,0.0044821649446569215,0.250111455165562,1,0.830754224514102,0.9085028172287726,0.14057015805900813,0.0,0.0,0.0,0.0912406621641884,0.09419613059968976
52,1,0,1,0.06615804694456968,4.0,21.777589184976307,14.15606062932244,0.002060644026798428,0.2343619142682433,1,0.5778448202734219,0.9065591024109059,0.10902637089106294,0.0,0.0,0.0,0.09272239503927274,0.09449724538391198
53,1,0,1,0.06657212583903463,4.0,21.319696504477434,14.157786604288729,0.0,0.2226807970399961,1,0.44217453982488575,0.8983412453574686,0.0824505675302739,0.0,0.0,0.0,0.08134097571317067,0.07008670336948333
54,1,1,1,-0.23379341877901572,3.766206581220984,21.45056400112704,14.270519347316835,0.23419329685459925,0.20725663451457066,1,1.1305373173968671,0.8869370777191541,0.18738519402495726,0.0,0.0,0.0,0.09484021887240446,0.09254497515255282
55,1,0,0,0.0661122226790704,3.8323188039000544,21.596740851449795,14.396097542838461,0.21794933302028172,0.19137613293081057,1,1.1647821295554728,0.893027083711097,0.1927467925084658,0.0,0.0,0.0,0.09746378300590541,0.09528300950256034
56,1,0,1,0.06609828090771963,3.898417084807774,21.7388787891145,14.516823774026086,0.2017138417973938,0.1755443711923781,1,1.1626851287095383,0.8998209598572064,0.19240351776792214,0.0,0.0,0.0,0.09741294733732733,0.0949905704305948
57,1,1,1,-0.23322883415662976,3.665188250651144,21.687000821457946,14.47356779754789,0.4397707772317003,0.16526716533680869,1,0.8112586199437658,0.9063925640785147,0.13332162252757732,0.0,0.0,0.0,0.07165838739416072,0.0616632351334166
58,1,0,1,0.06603216693518271,3.731220417586327,21.84038687126338,14.57836712568447,0.42321759715079016,0.15038482077720336,1,1.1621995934171583,0.9040142154751459,0.1886131478430924,0.0,0.0,0.0,0.0993190804854606,0.09642554056722108
59,1,0,1,0.06602089403941343,3.7972413116257404,21.992253996112154,14.644314077092254,0.40660820663657077,0.13747196331229494,1,1.128282926180257,0.9104688499236964,0.17713348787476793,0.0,0.0,0.0,0.09965634308531736,0.09612550499815621
60,1,0,1,0.06673254932489503,3.8639738609506353,21.921836997039918,14.541651332637201,0.3949674530099814,0.12990777817255553,1,0.7428344583028198,0.9159142018301103,0.11522963259797196,0.0,0.0,0.0,0.06984452175953555,0.06401350007581498
61,1,1,1,-0.23321578994892755,3.6307580710017078,21.83897599539127,14.410449335801223,0.48868936323760487,0.12338774129014184,1,0.6975242097573021,0.9115872082419281,0.10698404186885281,0.8698047180598886,0.0,5.551115123125783e-17,0.06786382057437064,0.06310353450322014
62,1,0,0,0.06602771608695938,3.6967857870886673,21.991473296055496,14.383920636645456,0.472065104164602,0.11370206129414083,1,1.0322042347882736,0.9062356332798123,0.15785963441402334,0.0,0.0,0.0,0.09974555443801725,0.09733679536105302
63,1,0,1,0.06670234457059125,3.7634881316592588,21.92978493592441,14.262617129308722,0.4602723522353657,0.10697631007786022,1,0.7263929808497029,0.909384848317524,0.1111110188731019,0.0,0.0,0.0,0.07075651157541818,0.06722924246467087
64,1,0,1,0.06605529489194993,3.8295434265512087,22.070695273244457,14.234967440882869,0.44387473739602107,0.09744451705774339,1,1.0180707005250222,0.9048100516308284,0.15557644715676805,0.0,0.0,0.0,0.09838568903606722,0.0978954670015636
65,1,0,1,0.06605743984019177,3.8956008663914004,22.204926648521578,14.111584298049863,0.42755692829075004,0.09058502027691441,1,0.918489800297295,0.9076415678531833,0.13906383531660055,0.0,0.0,0.0,0.09790685463162666,0.0982180806059132
66,1,0,1,0.06665578557285383,3.962256651964254,22.162788192375675,13.917556401095556,0.41520640856140795,0.08606478673352753,1,0.6717464205640782,0.907912773664286,0.10122451963637367,0.0,0.0,0.0,0.07410311837605238,0.06992264849818822
67,1,0,1,0.0660751988048979,4.0,22.29402763011162,13.79818779858244,0.39890522189017846,0.07931618375538581,1,0.9138794500596089,0.9020086148367807,0.13829873789622738,0.0,0.0,0.0,0.09780712002737704,0.09886386311587646
68,1,0,1,0.0660896993857013,4.0,22.417051085630003,13.682907223363014,0.3827252758349137,0.07256078789038799,1,0.9100482660163057,0.9023053857173515,0.13761205152157513,0.0,0.0,0.0,0.0970796763315882,0.09922079210768046
69,1,0,1,0.06665459610879286,4.0,22.385913723320648,13.497135030261454,0.37001453857390176,0.06808662074593048,1,0.6855894023139137,0.9024989577248254,0.10310942643281704,0.0,0.0,0.0,0.07626442356607195,0.07048651232884968
70,1,0,1,0.06613156008220283,4.0,22.501429889500216,13.381930738842263,0.3539587555806176,0.0615434873158199,1,0.8973880935999299,0.8970762188395527,0.13559349854036815,0.0,0.0,0.0,0.09633469795970465,0.09839610069200082
71,1,0,1,0.06655356382263836,4.0,22.513887296857682,13.169450994624677,0.3401773381250643,0.05795638832477271,1,0.6970616788484396,0.8970840157085621,0.10421109867960283,0.0,0.0,0.0,0.08268850473331976,0.07474928253240912
72,1,1,1,-0.2333702802686789,3.766629719731321,22.502285579576583,12.938952897210545,0.48678448763707993,0.055053976601495185,1,0.6499836425918291,0.892083457287059,0.09670754451718584,0.541064028750386,0.0,0.0,0.07929307417752061,0.07309899633540598
73,1,0,1,0.06660594789777118,3.833235667629092,22.49152810445944,12.717904866434825,0.47356683501584085,0.05206839430815354,1,0.6542254560268188,0.8860309619196782,0.09721940948748393,0.0,0.0,0.0,0.0793059157274341,0.07488927612664016
74,1,0,1,0.06663647525069033,3.8998721428797825,22.475994979995413,12.501082977008327,0.46047779984541526,0.049123195206647464,1,0.6478808103818259,0.8802358242723567,0.09620540563159062,0.0,0.0,0.0,0.07853421102255417,0.07472286919864608
75,1,0,1,0.06619858107872256,3.966070723958505,22.58516045089648,12.307282944271432,0.4445076814512277,0.04549230160569376,1,0.7897923870892717,0.8744269489250934,0.11760607197084703,0.0,0.0,0.0,0.09582071036512474,0.0982094512071594
76,1,0,1,0.06660036026838591,4.0,22.584735707109754,12.103201266514587,0.4309941957956904,0.042474762670388654,1,0.6678046633356245,0.872311084879198,0.09918614754505463,0.0,0.0,0.0,0.08108091393322399,0.07663364313764662
77,1,0,1,0.0665885519474664,4.0,22.59066494754167,11.905834041009992,0.4173298997033979,0.03940737050484653,1,0.6757604392679312,0.8671984243406086,0.1003901295470075,0.0,0.0,0.0,0.08198577655375475,0.07806677960831435
78,1,0,1,0.06660240012456292,4.0,22.595351369796735,11.71291434709121,0.40369627977149714,0.03636881428144969,1,0.6741792030500712,0.8624124747137917,0.10003305693178621,0.0,0.0,0.0,0.08180171959140517,0.07806719394588371
79,1,0,1,0.06628723233023286,4.0,22.6881838028629,11.53296018175539,0.3880483277847859,0.03292328314890552,1,0.7705849106525421,0.8577066429221987,0.1145608987155323,0.0,0.0,0.0,0.09388771192026726,0.09603512057773568
80,1,0,1,0.06661620265683249,4.0,22.68802787532343,11.35112940614294,0.3744710237128472,0.02983815465597801,1,0.6735418964635391,0.8555285996154572,0.09997459538919701,0.0,0.0,0.0,0.08146382443163196,0.07865387090381284
81,1,0,1,0.06633570751022698,4.0,22.769790180535296,11.178059117568598,0.3590264646452268,0.02644892292656902,1,0.7596709486741843,0.8509789320366592,0.11300274478217623,0.0,0.0,0.0,0.09266735440572228,0.09471163130891339
82,1,0,0,0.06636774246257114,4.0,22.84269736431154,11.007123614473329,0.34373824659594954,0.02314331057417099,1,0.7506679131335737,0.8486962324525974,0.11156298241005158,0.0,0.0,0.0,0.09172930829566339,0.09340134768127259
83,1,0,1,0.06662880039729933,4.0,22.84397109915796,10.839421352345983,0.3300263324136143,0.02003778562055092,1,0.6798169971886958,0.8462455244696219,0.10090463481573231,0.0,0.0,0.0,0.08227148509401191,0.07876479273584554
84,1,0,1,0.06639813587781854,4.0,22.912595676409143,10.675746181310997,0.31479901901943497,0.016775577114732862,1,0.7470342175037944,0.8420848112875987,0.11093713139998401,0.0,0.0,0.0,0.09136388036507567,0.09217621275203819
85,1,1,1,-0.23358937199315208,3.766410628006848,22.977001076273037,10.515655663402649,0.48482551908309607,0.013525953907756585,1,0.744023428398551,0.8397085464430036,0.1105446247432813,0.3887941141166098,0.0,0.0,0.09104688550142365,0.09165569014235869
86,1,0,0,0.06665031820726304,3.8330609462141108,22.966179908097303,10.359982185500854,0.47133613132372004,0.010459416558889772,1,0.6708217724143631,0.8373164184918922,0.09933555064945715,0.0,0.0,0.0,0.08093632655625627,0.07767484235833765
87,1,0,1,0.06641004999379475,3.8994709962079055,23.03487410806428,10.208702893087759,0.4560114388860219,0.007202153339035607,1,0.7505689598938335,0.8331540523399541,0.1114917339453138,0.0,0.0,0.0,0.0919481546261888,0.09027642686694522
88,1,0,0,0.06667912836622962,3.9661501245741353,23.022069963558835,10.04360401752595,0.4425292595610037,0.004544688528952622,1,0.6531864049615482,0.831089425028801,0.09683786481060715,0.0,0.0,0.0,0.08089307595010924,0.07648667339315816
89,1,0,1,0.06670259042791811,4.0,23.003217947850374,9.819797558891217,0.4291997235821177,0.003407870120477021,1,0.5839833751839287,0.8266418495271197,0.08679812632416911,0.0,0.0,0.0,0.07997721587331551,0.07537306509093146
90,1,0,1,0.06647391490783433,4.0,23.059497730754323,9.610283288935749,0.4141459840875239,0.0019086755781098847,1,0.6673409006170192,0.8205753876685399,0.09931760422176644,0.0,0.0,0.0,0.09032243696756362,0.08758863762380412
91,1,1,1,-0.23349433314935694,3.766505666850643,23.1075410152378,9.404727252477617,0.4851118737476097,0.0004627986712239625,1,0.6592317735175932,0.8167445254922518,0.09800401895565675,0.9848759045251431,0.0,5.551115123125783e-17,0.0893287575143412,0.08564355572201252
92,1,0,1,0.06652710104791842,3.8330327678985614,23.148825574230184,9.180716239275052,0.47035537456723636,0.0,1,0.6300802524827083,0.8128067066928855,0.09131578710958432,0.0,0.0,0.0,0.08853899508224056,0.08430992032584014
93,1,0,1,0.0667472628692731,3.8997800307678343,23.12594014029995,8.951198333293176,0.4570388218817501,0.0,1,0.5558352054255162,0.808238545337631,0.0798993161129172,0.0,0.0,0.0,0.0798993161129172,0.07284569808904874
94,1,0,1,0.06657018079474956,3.9663502115625837,23.160649262815028,8.727418374960845,0.4424183548872189,0.0,1,0.6128576260225793,0.8019284618398281,0.0877228019671875,0.0,0.0,0.0,0.0877228019671875,0.08182602656611727
95,1,0,1,0.06679223097274022,4.0,23.133204744013184,8.509232915586825,0.42920100837880887,0.0,1,0.5515717127685343,0.7972016909443969,0.07930407905046047,0.0,0.0,0.0,0.07930407905046047,0.0705786465879379
96,1,0,1,0.06681195341573382,4.0,23.10567863193007,8.296502092697153,0.4160000126564025,0.0,1,0.550804006517215,0.7910609414900003,0.07920597433443796,0.0,0.0,0.0,0.07920597433443796,0.06952240128557262
97,1,0,1,0.06684532784744272,4.0,23.069941162994724,8.089089540379724,0.4030097242027184,0.0,1,0.5419044968629012,0.7850545181156807,0.07794173072210425,0.0,0.0,0.0,0.07794173072210427,0.06849831075890124
98,1,0,1,0.06670789582225048,4.0,23.081695399874064,7.886862301870233,0.3889657775634248,0.0,1,0.5885027659542097,0.7789757675843613,0.08426367983576151,0.0,0.0,0.0,0.08426367983576152,0.07535316053616084
99,1,0,0,0.0667329074173527,4.0,23.088620849386125,7.689690744323476,0.3750257930305955,0.0,1,0.5839678345089134,0.7742139425436073,0.08363990719697617,0.0,0.0,0.0,0.08363990719697617,0.07388354148070134
100,1,0,1,0.0669234042389577,4.0,23.04348844829677,7.497448475715389,0.3622566171500605,0.0,1,0.5320831201453002,0.7694577898427402,0.07661505528320992,0.0,0.0,0.0,0.07661505528320993,0.06505153481671624
101,1,1,1,-0.23304648187015478,3.7669535181298452,22.99351107848007,7.310012263822504,0.4873736519124739,0.0,1,0.5261098413907134,0.7635234231003041,0.07575808852515628,0.6735397029003631,0.0,5.551115123125783e-17,0.07575808852515628,0.06437945820833035
102,1,0,0,0.06678331719285904,3.8337368353227044,22.99753878354126,7.127261957226942,0.4735437209909847,0.0,1,0.5788654820231924,0.7575880835575644,0.08297958552893568,0.0,0.0,0.0,0.08297958552893568,0.07001921209240379
103,1,1,1,-0.233163487895082,3.6005733474276225,22.990972970247395,6.949080408296268,0.4864238661882648,0.0,1,0.5683726562946686,0.7531200185192051,0.08145680287041113,1.341262325945908,0.0,5.551115123125783e-17,0.08145680287041113,0.06801693403203946
104,1,0,1,0.06685263620687343,3.667425983634496,22.981289568025925,6.775353398088862,0.4729205931140155,0.0,1,0.5650909220347144,0.7485013344635916,0.08101963844549588,0.0,0.0,0.0,0.08101963844549587,0.06630421814197257
105,1,0,1,0.0670590625826322,3.734485046217128,22.91031461735358,6.6059695631366395,0.4608457371609034,0.0,1,0.5035572885283051,0.7439160741528698,0.07244913571867309,0.0,0.0,0.0,0.07244913571867308,0.05827790451036064
106,1,0,1,0.06690194894539939,3.8013869951625274,22.895469190760355,6.440820324058224,0.44750978611668435,0.0,1,0.5579124388406125,0.7379071045122556,0.08001570626531401,0.0,0.0,0.0,0.08001570626531401,0.06407348901501454
107,1,0,0,0.06692090995561825,3.8683079051181455,22.87569319496113,6.2797998159567685,0.43429643971518717,0.0,1,0.5526107339697826,0.7334072378704646,0.07928007840898288,0.0,0.0,0.0,0.07928007840898287,0.06285067527153886
108,1,0,0,0.06709016726799447,3.93539807238614,22.807523704624135,6.12280482055785,0.42220903400263315,0.0,1,0.5037228395370346,0.7288873252729475,0.07252443427532372,0.0,0.0,0.0,0.07252443427532372,0.05653336274971728
109,1,0,1,0.06711994909532512,4.0,22.739653494943674,5.969734700043903,0.4101435738423293,0.0,1,0.5023178829351403,0.7232582131295497,0.0723927609618232,0.0,0.0,0.0,0.0723927609618232,0.055182101862514425
110,1,0,1,0.06701824551362989,4.0,22.707726211723767,5.8204913325428045,0.39731447658428487,0.0,1,0.5365640541536837,0.7177347048746894,0.07697458354826675,0.0,0.0,0.0,0.07697458354826675,0.05880775840384194
111,1,0,1,0.0671708440231046,4.0,22.633878450287717,5.674979049229236,0.38544841961078874,0.0,1,0.4938453938570482,0.7132054386066643,0.071196341840977,0.0,0.0,0.0,0.071196341840977,0.05347613062586739
112,1,0,0,0.06719006884999053,4.0,22.559607162704257,5.5331045729985044,0.3736402852485654,0.0,1,0.4915756736737326,0.7077214374879238,0.07084880617333963,0.0,0.0,0.0,0.07084880617333963,0.05300741776860374
113,1,0,1,0.06707848818053877,4.0,22.52583010874301,5.394776958673542,0.36096372950900024,0.0,1,0.5302131251063606,0.7023177933925691,0.07605933443739106,0.0,0.0,0.0,0.07605933443739106,0.05558283668472708
114,1,1,1,-0.23287127849702877,3.767128721502971,22.482422796389884,5.259907534706702,0.48757097844613795,0.0,1,0.5197384403654493,0.6980151766854138,0.07457412932317231,0.6657823770540013,0.0,0.0,0.07457412932317231,0.05417291167883483
115,1,0,0,0.06710079365541419,3.8342295151583854,22.448220247185926,5.128409846339036,0.4749386309372093,0.0,1,0.5278580207057894,0.6935582582774147,0.0757940850535718,0.0,0.0,0.0,0.07579408505357181,0.05321223561135506
116,1,0,0,0.06712378358249882,3.9013532987408843,22.41045622358014,5.00019960018056,0.4624124033549932,0.0,1,0.5234414825738662,0.6894157523381241,0.0751573654932972,0.0,0.0,0.0,0.0751573654932972,0.052440335268463055
117,1,0,1,0.06726067040315113,3.9686139691440356,22.331810586858005,4.875194610176045,0.4508420721155278,0.0,1,0.4816157688673653,0.6852663955940177,0.0694219874367917,0.0,0.0,0.0,0.06942198743679169,0.048386771273350886
118,1,0,1,0.06716799715569496,4.0,22.29056539512017,4.753314744921644,0.4384675377221507,0.0,1,0.5170500729336107,0.6801751299258513,0.07424720636026304,0.0,0.0,0.0,0.07424720636026304,0.050689279348762835
119,1,0,1,0.06729364132523688,4.0,22.212388029872663,4.6344818762986035,0.42695354931644386,0.0,1,0.4790867696304988,0.6760970035010454,0.06908393043424045,0.0,0.0,0.0,0.06908393043424045,0.047286789657289885
120,1,0,1,0.06732152624618132,4.0,22.130117845768673,4.518619829391139,0.4155797004866084,0.0,1,0.47303951664283017,0.6711717476542816,0.06824309297901351,0.0,0.0,0.0,0.06824309297901351,0.0463082484156082
121,1,0,1,0.06724342732097566,4.0,22.08020348603238,4.40565433365636,0.4035343887861194,0.0,1,0.5033385864079252,0.6662184418789954,0.07227187020293342,0.0,0.0,0.0,0.07227187020293342,0.04783254700779413
122,1,0,1,0.06726668153093465,4.0,22.027802277168973,4.295512975314951,0.3915808463171813,0.0,1,0.4996038782873993,0.6621464454922186,0.07172125481362843,0.0,0.0,0.0,0.07172125481362844,0.04695113848624406
123,1,2,1,-0.2326205976769862,3.7673794023230136,21.941022857997275,4.415286376179685,0.38041781611050157,0.2426509191817524,1,0.6910768630051367,0.6580828813120981,0.11107266614956433,0.0,0.0,0.0,0.06697818124007889,0.04409448490948545
124,1,0,0,0.06724843667437067,3.8346278389973842,21.898482110837264,4.550954390425225,0.36830551050067734,0.23457494271022553,1,0.7520349979399495,0.6589077308544241,0.12112969248810689,0.0,0.0,0.0,0.07267383365894536,0.04845585882916151
125,1,0,1,0.06722274388093118,3.9018505828783154,21.861137437802057,4.6873763130391115,0.3560931851287699,0.2263340758929505,1,0.7603131621102452,0.6612359125315622,0.1227191531350949,0.0,0.0,0.0,0.07327395223144458,0.04944520090365032
126,1,0,1,0.06720747078136277,3.969058053659678,21.826815416949614,4.8303304245612,0.3438363738352423,0.21774770666789953,1,0.772344934440673,0.6637128437710293,0.12505908311147182,0.0,0.0,0.0,0.07354086776116597,0.05151821535030583
127,1,0,1,0.06719527041495521,4.0,21.79317699049311,4.976009935640214,0.3315851868914327,0.2089639653769442,1,0.7784697306602779,0.6664286460377704,0.12620956940858902,0.0,0.0,0.0,0.07350712166285729,0.052702447745731726
128,1,0,1,0.06727363582750126,4.0,21.72955869617345,5.111342225179637,0.3200157547327153,0.20043029881262484,2,0.7409436683730981,0.6692296731533331,0.12061859233822067,0.0,0.0,0.0,0.06941659295230447,0.05120199938591617
129,1,0,1,0.06726554480960482,4.0,21.66787727924988,5.24791157971831,0.30844145000373263,0.1917329191141969,2,0.7459104606489283,0.6710225230338273,0.12163010656446344,0.0,0.0,0.0,0.06944582837389589,0.05218427819056756
130,1,0,1,0.06724075354465084,4.0,21.61245644948705,5.38843870899618,0.2967550659922822,0.1827801265008924,2,0.7580010209892465,0.6728947214742047,0.1238350597485297,0.0,0.0,0.0,0.07011830406870255,0.05371675567982712
131,1,0,1,0.06722486339058333,4.0,21.559234177257956,5.531496017997916,0.2850434126875942,0.17363091070141343,2,0.7648574157347203,0.6750223789620808,0.12516521462500194,0.0,0.0,0.0,0.070269919828128,0.05489529479687393
132,1,1,1,-0.23277983467007698,3.767220165329923,21.507117232181486,5.675843499642065,0.4882920608463887,0.16430653036066914,2,0.769498791449081,0.6772682548813967,0.1261939169661331,0.2102604761255652,0.0,5.551115123125783e-17,0.07024763492166755,0.05594628204446554
133,1,0,1,0.06716785397375998,3.8343880193036832,21.466423433419934,5.820950714465068,0.47636072912069993,0.15483045581668628,2,0.7839874343570352,0.6795740182955888,0.12844443761802996,0.0,0.0,0.0,0.07158799035413274,0.0568564472638972
134,1,0,1,0.06716065280168655,3.9015486721053696,21.425792891232724,5.967144742013366,0.46445791853228785,0.14516433123780126,2,0.7877478390582149,0.682184353697125,0.12941361100378276,0.0,0.0,0.0,0.07141686353047247,0.05799674747331028
135,1,0,1,0.06696759300302282,3.9685162651083923,21.44124642842085,6.147173156382157,0.4512802533264761,0.13419186137538627,2,0.8803053923880698,0.6848234408311522,0.14490081040936104,0.0,0.0,0.0,0.07906599123487121,0.06583481917448984
136,1,0,1,0.06710585856496619,4.0,21.411377421182664,6.295842431484205,0.4391323514329603,0.12415905816931644,2,0.8085107574839381,0.6897104896200752,0.1330842305975135,0.0,0.0,0.0,0.07288741136109438,0.060196819236419126
137,1,0,1,0.06692248778556745,4.0,21.43270255405023,6.480496942872822,0.4258298743214157,0.1127439461237993,2,0.8986601405728547,0.6926804963166717,0.14830553494237003,0.0,0.0,0.0,0.07981486266926738,0.06849067227310267
138,1,0,0,0.06703340149228026,4.0,21.415639153883777,6.640636194133292,0.41338026859617866,0.10202646752555662,2,0.8409058385170951,0.6978299874230763,0.13900250594087835,0.0,0.0,0.0,0.07469763435142232,0.064304871589456
139,1,0,1,0.06701277874043261,4.0,21.40054113186011,6.80171858527358,0.4008920669702632,0.09113432434041491,2,0.8473912528170439,0.7014068837004269,0.14028206886634292,0.0,0.0,0.0,0.07492920975549255,0.06535285911085036
140,1,0,1,0.06700254962511455,4.0,21.387595626102858,6.959764898820904,0.3883708469003317,0.08020749348245483,2,0.8501573007184127,0.7050564929283423,0.1406883055673497,0.0,0.0,0.0,0.07512732041958929,0.06562247158127749
141,1,0,1,0.06697276027631414,4.0,21.37911300917722,7.072483603140408,0.37574573425873603,0.07183909040437814,2,0.8129201005169655,0.708684013123094,0.1259610943180342,0.0,0.0,0.0,0.07575067584957398,0.06789658003546205
142,1,0,1,0.06698134650545562,4.0,21.368663852242033,7.179863581598862,0.36317313811038204,0.06354447184234745,2,0.8082207368312055,0.7112899153079407,0.12520328826230795,0.0,0.0,0.0,0.07543557689012387,0.06689319895021238
143,1,0,0,0.06681491615454384,4.0,21.404764067261237,7.291133561055702,0.3495502443853526,0.05489592371675198,2,0.8610833803220659,0.7137131858460224,0.1336286511037497,0.0,0.0,0.0,0.0817373623501769,0.07502455943395617
144,1,0,1,0.06695245254493803,4.0,21.397292013887146,7.317715952754712,0.3368813029622997,0.04868093404348878,2,0.7365077790328445,0.7173974407079236,0.11330358657789667,0.0,0.0,0.0,0.07601364853831745,0.06850944448903276
145,1,0,1,0.06696047728628236,4.0,21.38854924946101,7.29228697789865,0.3242441104358395,0.0441688110518752,2,0.6837034598838478,0.7178751991660466,0.10289589310844235,0.0,0.0,0.0,0.07582315515876087,0.06881267138725843
146,1,0,0,0.06682379501282083,4.0,21.42611739150966,7.253629513448984,0.3105762266947423,0.04006134329858404,2,0.7159315832829769,0.7170209056839916,0.10665210896633054,0.0,0.0,0.0,0.0820073024465836,0.07393724293417385
147,1,0,1,0.06697322425848758,4.0,21.415173972489242,7.211887399291281,0.2979772807231863,0.036143980962555305,2,0.6643081394458488,0.7169936726239662,0.09909784984550822,0.0,0.0,0.0,0.07559367582933581,0.06810103504580957
148,1,0,1,0.06685718714431392,4.0,21.44632529309029,7.1797304595992415,0.2844575279378211,0.03191651325566903,2,0.7146709152035177,0.7156765342945132,0.10648332295350885,0.0,0.0,0.0,0.08111851671219117,0.0727305729454963
149,1,0,1,0.06688222455262645,4.0,21.47152224474442,7.14481096434803,0.27106159128451685,0.027794089342370928,2,0.7059288502201562,0.7156513938172383,0.10511016339961395,0.0,0.0,0.0,0.08037561991982532,0.07116738303222747
150,1,0,1,0.06700989248685998,4.0,21.456530981397517,7.107409330799953,0.25853907803748905,0.023836469320089888,2,0.6630154333323313,0.7154083302273112,0.09888079961585329,0.0,0.0,0.0,0.07513507948216708,0.0658231296763668
151,1,0,0,0.06701405588946356,4.0,21.44356027122884,7.072752018700484,0.2459784770352037,0.019834755666590397,2,0.6664704855367924,0.7140985078049367,0.09937388793470896,0.0,0.0,0.0,0.075363606013712,0.06578820886335723
152,1,2,1,-0.23299242188185762,3.7670075781181422,21.43703003125419,7.230976672984167,0.23328780141324212,0.2589124137147799,2,0.8646022215572627,0.7129078072482331,0.1416781054426324,0.0,0.0,0.0,0.07614405373176936,0.06553405171086302
153,1,2,0,-0.23297779473783947,3.5340297833803027,21.424266448553933,7.3830163517445095,0.22073517791095446,0.48214739760370473,2,0.8559762636660462,0.7167001676059589,0.14077378065957705,0.09513205702060024,0.0,5.551115123125783e-17,0.07531574101372619,0.06545803964585085
154,1,0,0,0.06684392653981291,3.6008737099201156,21.46300499699501,7.572833353925779,0.20703425447449106,0.4697576062440527,2,0.9487376206298105,0.720182070007461,0.15654428877669174,0.0,0.0,0.0,0.08220554061878038,0.07433874815791136
155,1,1,1,-0.23318909575998334,3.367684614160132,21.505738433643277,7.768246333368146,0.4432194183559026,0.45699086439115955,2,0.9640423748636497,0.7258959587730198,0.1594894678288903,0.0,0.0,0.0,0.08288901671153082,0.0766004511173595
156,1,0,1,0.06671270436267578,3.434397318522808,21.567352786425808,7.972583100303291,0.42892005000559424,0.44377133126469087,2,0.9978007388929635,0.7318496191752856,0.165113408860662,0.0,0.0,0.0,0.08579621010185012,0.0793171987588119
157,1,0,1,0.06667444484965183,3.5010717633724595,21.63235367370866,8.180565175761577,0.414504522878699,0.43024186272232273,2,1.0114813599093626,0.7384983971682275,0.16766997401558076,0.0,0.0,0.0,0.08649316276137133,0.08117681125420943
158,1,0,1,0.0669051562218129,3.5679769195942725,21.618368879932824,8.33706750013838,0.40188122404387033,0.4183318323446761,2,0.887840501837722,0.745322971236756,0.1471999752748508,0.0,0.0,0.0,0.07573979300897146,0.07146018226587933
159,1,2,1,-0.23311674590111556,3.334860173693157,21.608682465336432,8.493002615386692,0.3891624219791596,0.4879591627362497,2,0.8951346101537037,0.7488859095017801,0.1485578359707664,1.0099909940680565,0.0,0.0,0.07631281238826478,0.07224502358250166
160,1,0,1,0.06660686196529007,3.401467035658447,21.681149322341412,8.707786151468593,0.37455314493347824,0.47375409630561566,2,1.0397925201049574,0.7525421270180781,0.1728860608578926,0.0,0.0,0.0,0.08765566227408812,0.08523039858380446
161,1,0,1,0.06686864993871572,3.4683356855971628,21.665420957911948,8.859928619153912,0.3619373484478807,0.46152329633532646,2,0.8961374901011074,0.7597233868452501,0.14907957873532024,0.0,0.0,0.0,0.07569477891358524,0.07338479982173499
162,1,0,1,0.06655052852667626,3.534886214123839,21.744135462759708,9.078755860488425,0.34714474278203783,0.44687195590777296,2,1.0606754856089193,0.7631337394266466,0.17666367656037815,0.0,0.0,0.0,0.08875563399505712,0.08790804256532103
163,1,0,1,0.0665402073423688,3.6014264214662077,21.81876939618349,9.29736086392991,0.3324051395071725,0.432023955659135,2,1.0638112199464702,0.7705722830812034,0.17752562114102033,0.0,0.0,0.0,0.08843761964919244,0.08908800149182788
164,1,0,1,0.06651454495641922,3.667940966422627,21.892599067227465,9.515123452208146,0.3176430892576279,0.4170023999648765,2,1.0694955158250425,0.777903256502835,0.17870163566281788,0.0,0.0,0.0,0.08857230149726736,0.09012933416555054
165,1,0,1,0.06648108143497093,3.734422047857598,21.96902522038029,9.733298031356734,0.3027790826479763,0.4017660791831232,2,1.0797937952872996,0.7851930629858902,0.1806019643484303,0.0,0.0,0.0,0.08918403965790968,0.09141792469052061
166,1,0,0,0.06674806681567488,3.8011701146732726,21.967626355653245,9.875363963320348,0.2896608488912924,0.3889951363940478,2,0.9332251485300043,0.7925580812934254,0.1553350592745552,0.0,0.0,0.0,0.07870940254010328,0.07662565673445189
167,1,0,0,0.06676463067254525,3.867934745345818,21.95516272261367,10.013625496175791,0.27680648580724765,0.3762320837134802,2,0.9218726577902063,0.7960747579743399,0.153704494587674,0.0,0.0,0.0,0.07712617850426864,0.07657831608340536
168,1,0,1,0.06674425506023057,3.9346790004060486,21.95220660950574,10.14769872966564,0.2637333048979246,0.3634864992038469,2,0.9303368258516524,0.7992197054697366,0.1549125925137382,0.0,0.0,0.0,0.07843908545593799,0.07647350705780019
169,1,1,1,-0.2335558360260614,3.7011231643799873,22.028891912841445,10.36024826695609,0.4800665512554853,0.34793561016447017,2,1.0917324741054402,0.8024976334792845,0.18268830604849273,0.11261755004240337,0.0,5.551115123125783e-17,0.08938297181223273,0.09330533423626002
170,1,0,1,0.06636797382046108,3.7674911382004486,22.118199221222014,10.576615134751783,0.46481432657118243,0.33211440400774483,2,1.1154026806712043,0.8097285044949384,0.1864405850461696,0.0,0.0,0.0,0.09151334810581711,0.09492723694035252
171,1,0,1,0.06633813146971497,3.8338292696701637,22.204379448984803,10.793882900933035,0.44958263098974816,0.3161222515330931,2,1.120818352843381,0.8173703588993451,0.18734308833651586,0.0,0.0,0.0,0.09139017348860576,0.09595291484791012
172,1,2,1,-0.23328328195175263,3.600545987718411,22.17086064331411,10.918192190640262,0.4370854874703136,0.48457207378468653,2,0.9157470427844809,0.8249565587479459,0.15258294308632633,0.4117009845207198,0.0,0.0,0.07498286111660675,0.07760008196971957
173,1,1,0,-0.23330985035077062,3.3672361373676405,22.13201871928641,11.047698458829782,0.4876382376359119,0.47138759538452124,2,0.9178906650106775,0.8272263208488594,0.15327744458552076,1.122512924821882,0.0,0.0,0.07417057418452878,0.07910687040099196
174,1,1,1,-0.23374725952966754,3.133488877837973,22.23745869869895,11.262512521583787,0.48430897671349954,0.4550911748924524,2,1.1497469716194515,0.8294929294529048,0.19192466267141592,1.4258294258154711,0.0,5.551115123125783e-17,0.09414613971900292,0.09777852295241296
175,1,0,0,0.06622759587881037,3.199716473716783,22.34388902908787,11.474551255709205,0.46852773361651034,0.43873248073097315,2,1.1559683450214033,0.8374992805070685,0.19283962355081047,0.0,0.0,0.0,0.09468745858193506,0.0981521649688754
176,1,0,1,0.06664669870128348,3.2663631724180666,22.303882996225312,11.594754906982114,0.4560882905061074,0.42543671119713333,2,0.9256586255302806,0.8454610071199269,0.1544112758654565,0.0,0.0,0.0,0.07463665866241756,0.07977461720303893
177,1,0,0,0.0666695542768637,3.3330327266949302,22.25301777407512,11.712607622818918,0.44393081981179744,0.41214645302518704,2,0.9144534412667986,0.8474659475801857,0.1526863731975369,0.0,0.0,0.0,0.07294482416585944,0.07974154903167747
178,1,0,0,0.06620790560835031,3.3992406323032807,22.357527975331188,11.916681369114759,0.42819232862003814,0.39569397469768525,2,1.1577245824742586,0.849140634922351,0.19314581711556714,0.0,0.0,0.0,0.09443094715055586,0.09871486996501126
179,1,0,1,0.0661725184844581,3.4654131507877386,22.463510926642563,12.11711785145151,0.4123610518878047,0.3791814975515067,2,1.163274667259278,0.8568552336111487,0.19406252327047213,0.0,0.0,0.0,0.09498766039340115,0.09907486287707097
180,1,0,1,0.06616771903489065,3.5315808698226294,22.563791848515674,12.314896208485811,0.3966019390534585,0.36262089953258636,2,1.1625749983597635,0.864515719452352,0.19391826511959948,0.0,0.0,0.0,0.09455467700607746,0.09936358811352199
181,1,0,1,0.06615358663340143,3.5977344564560307,22.659278294193584,12.505899616805305,0.38089803073509754,0.3461149599113494,2,1.158457055422435,0.8719672014250371,0.1932590876375872,0.0,0.0,0.0,0.09422344991016557,0.09903563772742162
182,1,0,1,0.06612092522106008,3.6638553816770907,22.757502382968497,12.696213620372848,0.3650732575161839,0.32947821491562795,2,1.1676675401174323,0.8791294477749723,0.19476910928781027,0.0,0.0,0.0,0.09494863931348127,0.09982046997432903
183,1,0,1,0.066624807527423,3.730480189204514,22.688110343046635,12.777583559073735,0.35306946803235145,0.3165659674856759,2,0.8983207988625566,0.8863429000835337,0.1494962214827076,0.0,0.0,0.0,0.0720227369029952,0.0774734845797124
184,1,0,1,0.06611567325513429,3.796595862459648,22.782091130152594,12.958470056952224,0.3373325318015614,0.3000322766796896,2,1.1615096325374614,0.8866423475530092,0.19362376222065777,0.0,0.0,0.0,0.09442161738474004,0.09920214483591772
185,1,0,1,0.06655791135824533,3.8631537738178934,22.736783103659526,13.03205967296131,0.32472821057395307,0.28716688081763747,2,0.9217956191936347,0.8935140296776205,0.15281830253796286,0.0,0.0,0.0,0.0756259273656498,0.07719237517231303
186,1,0,1,0.06610420793784377,3.929257981755737,22.829147832932897,13.207557792069114,0.309002664544923,0.2706008503564867,2,1.1620839177966982,0.8942210694155209,0.19374945894108558,0.0,0.0,0.0,0.09435327617418099,0.09939618276690461
187,1,0,1,0.0660805595203822,3.9953385412761193,22.92119116758019,13.382258124788606,0.29323317964434054,0.25395122434363937,2,1.1676613079918312,0.9009176406250504,0.1945146654805785,0.0,0.0,0.0,0.09461690940349471,0.0998977560770838
188,1,0,1,0.06650718663113409,4.0,22.886217133593725,13.437318080695581,0.28029338370529566,0.24135183965546103,2,0.9276721542297326,0.9075862323092199,0.15323508376333922,0.0,0.0,0.0,0.07763877563426914,0.07559630812907005
189,1,0,0,0.06604501220259858,4.0,22.980793843248982,13.609129089680252,0.2644328124782451,0.22462512875524396,2,1.1744760989971663,0.9080883803572327,0.1955236927636056,0.0,0.0,0.0,0.09516342736230304,0.10036026540130252
190,1,0,1,0.06604695075894831,4.0,23.07039835168061,13.771294834967309,0.24863429560546646,0.2080710157295542,2,1.1665183270419104,0.914748073323231,0.19411577939081046,0.0,0.0,0.0,0.09479110123667193,0.09932467815413847
191,1,0,1,0.06601622221505071,4.0,23.161066612800045,13.930890629690815,0.23275952660251728,0.19145119171122962,2,1.1713063855091397,0.921042329666198,0.1949675581276424,0.0,0.0,0.0,0.09524861401769497,0.09971894410994744
192,1,0,0,0.06601292849617525,4.0,23.24656355234072,14.085740616237421,0.2169570152833827,0.1748630080995245,2,1.1676458571495534,0.9272989310622716,0.19434416958503825,0.0,0.0,0.0,0.09481506791480737,0.0995291016702309
193,1,0,0,0.06600237253357571,4.0,23.32980004462675,14.2355252453652,0.20115534324274623,0.1583237946328713,2,1.166328725628262,0.9333076042144535,0.19404531304373807,0.0,0.0,0.0,0.09481003224381902,0.09923528079991897
194,1,0,0,0.06656189854066694,4.0,23.247175617396287,14.248333508618032,0.18908564551046858,0.14641264076220326,2,0.8693169682721698,0.9391331322497989,0.14388510961767415,0.0,0.0,0.0,0.07241818639366579,0.07146692322400836
195,1,0,0,0.06599764797388599,4.0,23.331165625363788,14.393452732394636,0.17327296115385815,0.1299020036738779,2,1.1664969598944586,0.937387728150358,0.19393992866961463,0.0,0.0,0.0,0.0948761061396626,0.099063822529952
196,1,2,1,-0.23348852631751865,3.766511473682481,23.266937784343337,14.401868126791975,0.16077007515274747,0.3650774771810834,2,0.8873030123208505,0.9431154589439605,0.1466351964970871,0.01732927846634391,0.0,0.0,0.07501731600666427,0.07161788049042284
197,1,0,1,0.06593969000315938,3.8324511636856404,23.3628694382126,14.548973789347706,0.14465506875749315,0.3483768612913243,2,1.1847574642033771,0.9417201477783828,0.19689373371008076,0.0,0.0,0.0,0.09669003837152579,0.10020369533855499
198,1,0,1,0.06593207285403244,3.8983832365396727,23.455268192002897,14.689976380815116,0.12856767232589303,0.33174777752693163,2,1.1811974259467124,0.9477960806890077,0.196298881175957,0.0,0.0,0.0,0.09652437858960092,0.09977450258635608
199,1,0,1,0.06658807031836249,3.9649713068580352,23.351490141613688,14.679675792066458,0.11689300389129853,0.32026078852738976,2,0.8395524751825839,0.9536311143204503,0.1389699446048178,0.0,0.0,0.0,0.07004801060756681,0.06892193399725097
200,1,0,1,0.0659295766058825,4.0,23.44544494569105,14.821200387438065,0.1007836235336556,0.303508972257504,2,1.1862585477909806,0.9507791483420037,0.19716717976517234,0.0,0.0,0.0,0.0966562821458577,0.10051089761931468
201,1,0,0,0.06592223892922218,4.0,23.532300769242564,14.956911469472908,0.08479073966583156,0.28684675282039535,2,1.179233038914579,0.956666133328228,0.19593061982959614,0.0,0.0,0.0,0.09595730320694418,0.09997331662265196
202,1,2,1,-0.23409354210602032,3.76590645789398,23.619232078928484,15.088401139237078,0.0687425559220508,0.45377754295403516,2,1.180651285417973,0.962230305967887,0.19613798138917593,0.39856638027167,0.0,5.551115123125783e-17,0.09628910246268463,0.09984887892649132
203,1,0,1,0.06585142460945499,3.831757882503435,23.714555134132546,15.218751863300968,0.05243607015983969,0.43706299803201726,2,1.1933646097220967,0.967690830454139,0.19812618410537364,0.0,0.0,0.0,0.09783891457326657,0.10028726953210708
204,1,0,0,0.06653074300046609,3.898288625503901,23.614259023547525,15.188133733770636,0.040473272523118525,0.425873962448241,2,0.8424184348204828,0.973332674935838,0.13891099932298462,0.0,0.0,0.0,0.07177678582032698,0.06713421350265765
205,1,0,1,0.06584636428029059,3.9641349897841915,23.710692177671433,15.318619863130234,0.024145728337068937,0.4090650887944493,2,1.1969791024164556,0.970059818932954,0.1988185070390478,0.0,0.0,0.0,0.09796526511629754,0.10085324192275028
206,1,0,1,0.06583768274292494,4.0,23.713940939059256,15.444491279243673,0.010392878771643526,0.3923125489403299,2,1.1048529785213046,0.9757328010200416,0.18303233651726844,0.0,0.0,0.0,0.09777915696141318,0.10051523912471601
207,1,0,1,0.0665027402757285,4.0,23.37490889963779,15.404398871682487,0.0048696331167681645,0.38118686026823817,2,0.5998363584749307,0.9789608054575731,0.09989360596180277,0.0,0.0,0.0,0.07366123078985966,0.0667541320325506
208,1,0,1,0.06587227915962518,4.0,22.90752496377798,15.523345746707893,0.002104445055241646,0.3645837537176561,2,0.6210456334485981,0.969482694283007,0.11620976767265169,0.0,0.0,0.0,0.09812513394664221,0.09961863930349259
209,1,0,1,0.06589645567038578,4.0,22.423223532003682,15.636605459384354,0.0,0.34807369532025206,2,0.5897300486643071,0.9607717677621469,0.11168702071587422,0.0,0.0,0.0,0.09947245370841486,0.09906035038442434
210,1,0,0,0.06650999228048582,4.0,21.862642943703587,15.590114249344298,0.0,0.33692481252977174,2,0.3444239264445538,0.9514957247847009,0.06689329674288161,0.0,0.0,0.0,0.07895708444087984,0.06689329674288161
211,1,0,1,0.06594265897280369,4.0,21.316076870110997,15.69780169998629,0.0,0.32057340407092916,2,0.4974403068755982,0.9363189298261971,0.09810845075305567,0.0,0.0,0.0,0.10197444816918214,0.09810845075305567
212,1,0,1,0.06651252887913323,4.0,20.783174948358223,15.661396087207324,0.0,0.30904729509562345,2,0.35603942972069075,0.9253469642524322,0.06915665385183428,0.0,0.0,0.0,0.08219812555943774,0.06915665385183428
213,1,0,1,0.06599858490279066,4.0,20.263595574649266,15.763847685862768,0.0,0.2928348120160323,2,0.4939865008356279,0.9111142758891387,0.09727489847754704,0.0,0.0,0.0,0.10370275617103958,0.09727489847754704
214,1,0,1,0.06652746438022811,4.0,19.757005685283033,15.72641175823213,0.0,0.28129232520548436,2,0.3566602645159309,0.9006860815128009,0.06925492086328705,0.0,0.0,0.0,0.08511178733922029,0.06925492086328705
215,1,0,1,0.06653917311434497,4.0,19.263080543150963,15.68755294694001,0.0,0.26977810020550463,2,0.35430148266368394,0.8870854360878792,0.06908534999987868,0.0,0.0,0.0,0.08690601144078908,0.06908534999987868
216,1,0,1,0.0660967571431422,4.0,18.781503529572188,15.780628573283906,0.0,0.2538411281188439,2,0.4852644500173971,0.8737658372522743,0.09562183251996469,0.0,0.0,0.0,0.10525382998807122,0.09562183251996469
217,1,0,1,0.06655815142792311,4.0,18.31196594133288,15.742552883945102,0.0,0.2422329529562803,2,0.35644002499329214,0.8640533025714024,0.0696490509753813,0.0,0.0,0.0,0.08949317294867132,0.0696490509753813
218,1,2,0,-0.23340639251971187,3.766593607480288,17.854166792799557,15.703336863481017,0.0,0.4552413277889699,2,0.3543478016345433,0.8513629706319497,0.0690910732488327,0.15285867775502948,0.0,5.551115123125783e-17,0.08920883180116837,0.0690910732488327
219,1,0,1,0.06653901975024076,3.833132627230529,17.40781262297957,15.678021416131724,0.0,0.44335683613188076,2,0.3672679742377337,0.8389375914070145,0.07130694994253543,0.0,0.0,0.0,0.09158172833088814,0.07130694994253543
220,1,0,1,0.06655852652923204,3.8996911537597607,16.97261730740508,15.653952960729072,0.0,0.4314709455305284,2,0.3678820800006387,0.8271458509777824,0.07131534360811362,0.0,0.0,0.0,0.09181754124416291,0.07131534360811362
221,1,0,0,0.06619677857616224,3.965887932335923,16.548301874719954,15.740457026269466,0.0,0.4157729267642,2,0.47785288955862254,0.8156642567033539,0.09418811259797093,0.0,0.0,0.0,0.10746440305181036,0.09418811259797093
222,1,0,1,0.06659800692220987,4.0,16.134594327851957,15.712143167196174,0.0,0.40394099014701035,2,0.365197566583446,0.8072189725247356,0.07099161970313803,0.0,0.0,0.0,0.09256094718177535,0.07099161970313803
223,1,0,1,0.06625641837971362,4.0,15.731229469655656,15.789670020790044,0.0,0.38848735298754605,2,0.47033043277377384,0.7961684373762032,0.09272182295678595,0.0,0.0,0.0,0.10681865520476369,0.09272182295678595
224,1,0,1,0.06664353706418176,4.0,15.337948732914262,15.757219955918277,0.0,0.3767279588984893,2,0.36229168564798275,0.7880224872611425,0.07055636453434003,0.0,0.0,0.0,0.09264890617575729,0.07055636453434003
225,1,0,1,0.0663114435479229,4.0,14.954500014591407,15.830392511117353,0.0,0.3613965531378382,2,0.46710305409703173,0.7773792172208136,0.0919884345639069,0.0,0.0,0.0,0.10601685665661058,0.0919884345639069
226,1,0,1,0.06633523789405134,4.0,14.580637514226623,15.897987236977759,0.0,0.34617313878592054,2,0.4633545386383411,0.769622313142719,0.09134048611150597,0.0,0.0,0.0,0.10573601758028342,0.09134048611150597
227,1,0,1,0.0663609040137196,4.0,14.216121576370956,15.96207158559415,0.0,0.33102161744062736,2,0.46153402954083617,0.7619656187801096,0.09090912807175867,0.0,0.0,0.0,0.10516011681458778,0.09090912807175867
228,1,0,1,0.06671263089915877,4.0,13.860718536961683,15.924226455855091,0.0,0.31928051507504235,2,0.36120665990079404,0.7544548290491278,0.07044661419351006,0.0,0.0,0.0,0.0923825551133711,0.07044661419351006
229,1,0,1,0.06675360187385734,4.0,13.514200573537641,15.88483901404475,0.0,0.30761288336015796,2,0.3587182195860369,0.7446236248204194,0.07000579028930644,0.0,0.0,0.0,0.09120571361476613,0.07000579028930644
230,1,0,1,0.06645287948152093,4.0,13.1763455591992,15.940044625341898,0.0,0.29275989047587264,2,0.4523265866482644,0.7349759896895599,0.08911795730571197,0.0,0.0,0.0,0.10289562161067944,0.08911795730571197
231,1,1,1,-0.23352206746501844,3.7664779325349818,13.561710543521812,15.992028254540386,0.23301296336463592,0.277966108886504,2,1.1652583681346318,0.7279097546135275,0.19068490934839608,0.0,0.0,0.0,0.10192221981218458,0.08876268953621153
232,1,0,0,0.06677803873894482,3.8332559712739265,13.847821616098983,15.949352231020534,0.218113880105687,0.26645768506151113,2,0.9822785190088708,0.7388434699515551,0.15844504250365093,0.0,0.0,0.0,0.0893944995536934,0.06905054294995754
233,1,0,1,0.06674003865484444,3.899996009928771,14.13712118686249,15.91503948620609,0.2029578344172898,0.2546950733063397,2,0.9999161721270502,0.744929346177988,0.16151194466141128,0.0,0.0,0.0,0.09093627413038326,0.070575670531028
234,1,0,1,0.0663603925950052,3.9663564025237763,14.525975098748827,15.983656657649373,0.1853148070606561,0.23939388208617518,2,1.2087751001563336,0.7513040168267145,0.19766531146078975,0.0,0.0,0.0,0.10585816413980223,0.09180714732098749
235,1,1,1,-0.2332834024493134,3.7330730000744627,14.798797879416865,15.945139444600223,0.4201403778486504,0.22771219811136237,2,0.9970463615288461,0.7627407939099551,0.1611366791209111,0.0,0.0,0.0,0.09104657527203434,0.07009010384887672
236,1,0,0,0.06627721038078582,3.7993502104552483,15.18818155719311,16.02301413966456,0.40208185689600184,0.21208718759222367,2,1.2358568059410056,0.7685984331004272,0.20210118883072367,0.0,0.0,0.0,0.1083511257158914,0.09375006311483229
237,1,0,1,0.06664231709150223,3.8659925275467506,15.446950260401557,15.994710055857592,0.386810669535362,0.20012459634915114,2,1.0107445118229248,0.7802798924214417,0.16340267162227434,0.0,0.0,0.0,0.09162712416383915,0.07177554745843517
238,1,2,1,-0.23334783022324382,3.632644697323507,15.699900819063224,15.961965319558288,0.3715274119296405,0.43267951777581404,2,1.0062473302688384,0.7860415079064788,0.16268133275473498,0.03368868431961647,0.0,0.0,0.09169954563432911,0.0709817871204059
239,1,0,1,0.06655580889427766,3.6992005062177844,15.963439347787558,15.94782125594951,0.3558320207441468,0.42030855343282836,2,1.0409411185810928,0.7915466534655378,0.16839813317087565,0.0,0.0,0.0,0.09417234711296171,0.07422578605791394
240,1,0,1,0.06657041042120558,3.76577091663899,16.21282197371031,15.92868273530982,0.340302701703262,0.4080925955628521,2,1.028025620376491,0.7977815150934267,0.1664716614651673,0.0,0.0,0.0,0.09317591424530935,0.07329574721985792
241,1,0,1,0.06655501926887733,3.832325935907867,16.45551917888701,15.91284801371562,0.3247775706683523,0.39578834370389576,2,1.0304001013080022,0.8035376177255034,0.1669762973631963,0.0,0.0,0.0,0.09315078620945809,0.07382551115373823
242,1,0,1,0.06613771625024308,3.89846365215811,16.824740857380203,16.00734877194555,0.30621312365613323,0.37959246703565547,2,1.27293161653819,0.8092091798150658,0.2085619420827557,0.0,0.0,0.0,0.11138668207331393,0.09717526000944175
243,1,0,1,0.06655830891952767,3.965021961077638,17.042162391784668,15.984488981057325,0.2909061686562359,0.3674562327616992,2,1.0153639842493831,0.8208022407331439,0.16465913564312137,0.0,0.0,0.0,0.0918417299993837,0.07281740564373765
244,1,0,1,0.066110473500861,4.0,17.394545788553312,16.07816471537182,0.2723962840787586,0.35120829143082105,2,1.271725415404191,0.8256662843210498,0.20854695545013258,0.0,0.0,0.0,0.11105930746486412,0.09748764798526846
245,1,0,0,0.06609348811595354,4.0,17.7373513627641,16.168183674195014,0.2539015806808753,0.3350066586062444,2,1.2696422956321087,0.8368177625981283,0.20817801733475974,0.0,0.0,0.0,0.11096822038729988,0.09720979694745985
246,1,0,1,0.0660645637870847,4.0,18.072555284997136,16.25833385565513,0.23538554569689027,0.3187268008784565,2,1.2729924796171306,0.8476383759239778,0.20877535627063779,0.0,0.0,0.0,0.11109620990391027,0.09767914636672752
247,1,0,1,0.06604114038990164,4.0,18.39803533612116,16.3480552954293,0.2169052296004356,0.3023977181292474,2,1.2734737194145036,0.8582722285163067,0.20885639307398252,0.0,0.0,0.0,0.11088189657872764,0.09797449649525487
248,1,0,1,0.06653927759909423,4.0,18.548890840327992,16.305662329177984,0.20219492892870414,0.2905940941349932,2,0.977114803744273,0.8686522657887616,0.1590835479959143,0.0,0.0,0.0,0.08826180403038913,0.07082174396552518
249,1,1,0,-0.23398915574427898,3.766010844255721,18.8618752190413,16.399387702095797,0.4337297449007764,0.27410467995718185,2,1.2780735808687678,0.8713638292376495,0.20972758923443435,0.0,0.0,0.0,0.11079110416756631,0.09893648506686807
250,1,0,1,0.06596034438079162,3.8319711886365124,19.174885963563934,16.492740437699247,0.4150770894949623,0.2575507072886996,2,1.2878950531545126,0.8815315730284274,0.21123976844577738,0.0,0.0,0.0,0.11191593243488408,0.09932383601089327
251,1,0,1,0.06653586079274487,3.8985070494292575,19.278108894758137,16.445474953124926,0.4010030354872837,0.24587425532406013,2,0.9476481066514626,0.8916906600315795,0.15450303583390862,0.0,0.0,0.0,0.08444432404607168,0.07005871178783693
252,1,0,1,0.06654881204366936,3.9650558614729268,19.372606863876268,16.39542441170537,0.38705783958012757,0.23431314921753052,2,0.937537023895653,0.8930895961970766,0.15303781208211514,0.0,0.0,0.0,0.08367117544293737,0.06936663663917779
253,1,0,1,0.065934451650918,4.0,19.66865487832125,16.49183499131648,0.368510576308049,0.21764820287595632,2,1.2866593759456304,0.894200781889541,0.2112732576819159,0.0,0.0,0.0,0.1112835796324709,0.09998967804944502
254,1,0,1,0.06654687786501057,4.0,19.74623776504426,16.440447836797834,0.35472059305230114,0.20608706796748236,2,0.9302079789453066,0.9040122467409433,0.152106708985331,0.0,0.0,0.0,0.08273989953448721,0.0693668094508438
255,1,0,1,0.06661018674705413,4.0,19.79828455561672,16.38036818915381,0.34148991172503984,0.19491711792942334,2,0.8966342829744928,0.9046671400460524,0.1464037881919225,0.0,0.0,0.0,0.07938408796356825,0.06701970022835425
256,1,0,0,0.06650825703906503,4.0,19.88796101209372,16.337138282249846,0.327370223107499,0.18314291528947643,3,0.9509128681922958,0.9044663186192634,0.1553633475449261,0.0,0.0,0.0,0.08471813170524467,0.07064521583968145
257,1,0,0,0.06593446496559999,4.0,20.15895537381566,16.436340521605267,0.30912182143534966,0.16643352107785606,3,1.2758240834359518,0.9056274823585891,0.2097467753026185,0.0,0.0,0.0,0.10949041003289632,0.10025636526972219
258,1,0,1,0.06652345603813026,4.0,20.224276174026635,16.387628619847252,0.29535207260049634,0.15481558586009217,3,0.9314912958384833,0.9148823973855232,0.15232610431570315,0.0,0.0,0.0,0.08261849300911997,0.06970761130658319
259,1,0,0,0.06660578557597231,4.0,20.257503703882442,16.32783009386364,0.28229152484740405,0.1436405200889601,3,0.8887266237190439,0.9152976198468472,0.1454136811453459,0.0,0.0,0.0,0.07836328651855354,0.06705039462679237
260,1,0,1,0.06651553715132015,4.0,20.328309645428693,16.283187312346456,0.2683570879244328,0.13195858294461676,3,0.9407965049727146,0.9146333449436521,0.1536982444038874,0.0,0.0,0.0,0.08360662153782722,0.07009162286606015
261,1,0,1,0.06592073236097618,4.0,20.580294145574214,16.38080861299182,0.25030540503344767,0.11540989760783005,3,1.2648932247352667,0.9152874239443788,0.20760220936663118,0.0,0.0,0.0,0.10831009734591084,0.10038408377335509
262,1,0,1,0.06648797583414742,4.0,20.64467006630114,16.23371951372675,0.23633104211875242,0.10792045671587229,3,0.8413143904260045,0.9240275689641508,0.1287828228399182,0.0,0.0,0.0,0.08384617748817165,0.0698323421172024
263,1,0,1,0.06593098586445105,4.0,20.881468973082576,16.18534645885633,0.21845674895516087,0.09746647945591295,3,1.110385591411718,0.9219597395006972,0.16996962254130515,0.0,0.0,0.0,0.1072457589815492,0.10041898509742647
264,1,0,1,0.06647826357290224,4.0,20.944379103403644,16.031268416996497,0.20436682679426768,0.09034198300850625,3,0.8355024742597026,0.9266703857984728,0.12728651164979954,0.0,0.0,0.0,0.08453953296535927,0.07111526784632431
265,1,0,1,0.0664815947905622,4.0,21.014263005766708,15.8798450726762,0.19009677176357234,0.083241415755836,3,0.8428517460527694,0.9243911880100035,0.12822373370019347,0.0,0.0,0.0,0.08562033018417203,0.07106756727444392
266,1,0,1,0.06650466865967135,4.0,21.078921947935417,15.730386788916169,0.17592600233109756,0.07618936600787692,3,0.8375533603697523,0.9223527019610727,0.12733691508260295,0.0,0.0,0.0,0.08502461659484847,0.07108164414980904
267,1,0,1,0.06595622882144318,4.0,21.292700916773427,15.688700731960104,0.15834472934087532,0.06593822394426392,3,1.092325630303237,0.9202327184212897,0.16699449032301159,0.0,0.0,0.0,0.10548763794133355,0.10167552348680392
268,1,0,1,0.06596897049626094,4.0,21.494297233785847,15.646281639315305,0.140929679121651,0.05573002336908502,3,1.0837122655859592,0.9245350412183384,0.1657395047664194,0.0,0.0,0.0,0.10449030131534602,0.10174156471091102
269,1,0,1,0.06595924463161501,4.0,21.69078567493048,15.57850408751196,0.1235147237072773,0.046257534738035816,3,1.0572253611688156,0.9285144718275289,0.1613246642725375,0.0,0.0,0.0,0.1044897324862423,0.10200464850853655
270,1,0,0,0.06645810698441602,4.0,21.75152871988847,15.361973877762594,0.1090767525850308,0.04118346186322413,3,0.7759450792696857,0.9317322440610611,0.11707226398234895,0.0,0.0,0.0,0.08662782673347878,0.0735707135934075
271,1,0,1,0.0664214657235107,4.0,21.822219125387917,15.158308888169396,0.09438117154693555,0.035849235933963934,3,0.7948629808475218,0.9278375649412767,0.12017884180413275,0.0,0.0,0.0,0.08817348622857163,0.07704193020211342
272,1,2,1,-0.23366611526439204,3.766333884735608,21.919125937122956,15.188506967221988,0.07905823742276004,0.2721805990827073,3,1.05161809112657,0.9245132003389328,0.17394942585259268,0.0,0.0,0.0,0.09193760474505301,0.08201182110753966
273,1,0,0,0.06643013485244702,3.832764019588055,21.98473460920723,15.197079392927105,0.06437767432961927,0.25928472048689594,3,1.001871920398014,0.9276908226086237,0.16545865013371283,0.0,0.0,0.0,0.08808337855884463,0.0773752715748682
274,1,0,1,0.06598397609644618,3.898747995684501,22.157353711877487,15.335017583190732,0.04723935988999997,0.24201934798524646,3,1.2401026429872397,0.9295453500533585,0.20642212164761284,0.0,0.0,0.0,0.10304436937593228,0.10359223500989699
275,1,0,1,0.06637442742600089,3.965122423110502,22.12953536284533,15.34582213977749,0.03500997917127894,0.22892654633569523,3,0.9202954899313076,0.9373092823767055,0.15193309420963363,0.0,0.0,0.0,0.08894522688682613,0.07855680989730748
276,1,0,1,0.06648652272514861,4.0,22.058455520357825,15.334326483537529,0.02391213261675885,0.21661638645200407,3,0.8543084388381038,0.9368839375655706,0.14044803862926744,0.0,0.0,0.0,0.08459150578179161,0.0738609593021469
277,1,0,1,0.06637597880434769,4.0,21.957099549908005,15.343708264124142,0.014226407850465741,0.2035933542796453,3,0.8428453602341779,0.9348195500973838,0.13625254163191117,0.0,0.0,0.0,0.08946134712269717,0.07813819303415252
278,1,0,1,0.06600583032075398,4.0,21.79320236220886,15.469797500246635,0.00585819889667106,0.18660815187595667,3,0.8947122437741488,0.9325201953508038,0.15212046814490016,0.0,0.0,0.0,0.10254003341129475,0.10191121442213207
279,1,0,1,0.06600976005398297,4.0,21.422502387090148,15.590836457334333,0.0018858118962595146,0.16969136287606082,3,0.6819139785303753,0.9315749965613874,0.12533505600184408,0.0,0.0,0.0,0.10285972592910082,0.1015007339993748
280,1,0,1,0.06601376145851512,4.0,20.966143927055796,15.707259453942289,0.0,0.15283717384078052,3,0.5853980076842147,0.925333471110612,0.11244000558923894,0.0,0.0,0.0,0.10372712909000065,0.10112513421168187
281,1,0,1,0.06639916809324886,4.0,20.4419903288794,15.699355524103268,0.0,0.14006196250985922,3,0.38477755650953516,0.9168350845249521,0.07665126798552792,0.0,0.0,0.0,0.09202870218324066,0.07665126798552792
282,1,0,1,0.06604871636383682,4.0,19.930940570657413,15.810170337174817,0.0,0.12332385062986222,3,0.5032987011741309,0.9035336463245667,0.10042867127998187,0.0,0.0,0.0,0.10543029799587444,0.10042867127998187
283,1,0,1,0.06608551958215658,4.0,19.432667056390976,15.91218249811756,0.0,0.10680582951102352,3,0.49726641937211224,0.8935277726958057,0.09910812671303221,0.0,0.0,0.0,0.10567441903293807,0.09910812671303221
284,1,0,1,0.06641301724191659,4.0,18.946850379981203,15.90135816054483,0.0,0.09394811529006615,3,0.3869802248802098,0.8836212388627135,0.0771462853257441,0.0,0.0,0.0,0.09650080246899279,0.0771462853257441
285,1,0,1,0.0661385903253754,4.0,18.473179120481674,15.961595236746923,0.0,0.07942088158691722,3,0.45777103021571397,0.8712052135131508,0.08716340221889372,0.0,0.0,0.0,0.1062711868742033,0.09725085633975372
286,1,1,1,-0.2338307109793289,3.766169289020671,18.755866458845585,15.95806154584895,0.23229283690400435,0.06760216983823768,3,1.140023006396655,0.860869358930715,0.17715524906805127,0.0,0.0,0.0,0.10624297857597399,0.09663855293979923
287,1,0,0,0.06646719038679555,3.8326364794074665,18.9483350344483,15.82746301214522,0.21647322146203682,0.05977578695624305,3,0.9297182420163452,0.8678482001173634,0.14187598994377287,0.0,0.0,0.0,0.09491769265180505,0.0760597604544346
288,1,0,1,0.06647243658632022,3.8991089159937866,19.13155949759366,15.66160686151513,0.20075229367351607,0.05302525787447195,3,0.8867632636801092,0.869394951164838,0.13482874122175123,0.0,0.0,0.0,0.09432556673112469,0.07565468895485922
289,1,2,1,-0.23389149375867155,3.665217422235115,19.406436071572365,15.765077865038815,0.18283537519491064,0.2865544814688501,3,1.248176736480107,0.8698291589777198,0.20632616930536324,0.0,0.0,0.0,0.10750151087163237,0.09882465843373087
290,1,1,1,-0.2339417709187603,3.431275651316355,19.683708082961495,15.872294615814125,0.41469361766655394,0.2698463010334045,3,1.2637766105797215,0.8792878484152795,0.2090996277828135,0.0,0.0,0.0,0.10885054517013984,0.10024908261267365
291,1,0,1,0.06643933299602531,3.4977149843123803,19.83975703719838,15.86123951392732,0.3991497458376146,0.25715338959147976,3,1.0338939198194717,0.8889000674693905,0.1694206996251847,0.0,0.0,0.0,0.09326323097363626,0.07615746865154843
292,1,1,1,-0.23358545733712727,3.264129526975253,19.99380402606017,15.855671961574654,0.48441578555572523,0.2442861755004477,3,1.0410043502872668,0.8925249137781426,0.1707085712118405,0.8948984750256876,0.0,0.0,0.09350528666564822,0.07720328454619226
293,1,0,1,0.06597824492625869,3.3301077719015115,20.262764216079347,15.968252682856463,0.4661160166516465,0.22738046188829417,3,1.2777778109918563,0.8962368996908707,0.2112328950973942,0.0,0.0,0.0,0.10979861342447278,0.10143428167292143
294,1,0,1,0.06596397146674887,3.3960717433682603,20.52203388576028,16.07758514037157,0.44788618327905105,0.2105098576534987,3,1.2743775496694392,0.9057754224733953,0.2106026256443454,0.0,0.0,0.0,0.10937900023557254,0.10122362540877285
295,1,1,1,-0.23360432402631176,3.1624674193419486,20.645562511582654,16.063968983622146,0.4847222929330388,0.19777002707234007,3,1.0249029447262448,0.9149904756532964,0.1681052258887193,1.1873170996743063,0.0,5.551115123125783e-17,0.09166624240176753,0.07643898348695176
296,1,0,0,0.06639693613766905,3.2288643554796175,20.75261808972146,16.05308055787181,0.4697507872861593,0.18502880354108828,3,1.013905439768588,0.9177382873801201,0.1662763750687866,0.0,0.0,0.0,0.08982903388127608,0.07644734118751051
297,1,0,0,0.06640478860515966,3.2952691440847772,20.856138631207628,16.03938337089341,0.4548031822953518,0.17235297780015793,3,1.0099658206976043,0.9201424661898319,0.1657405843904277,0.0,0.0,0.0,0.08968562994484561,0.07605495444558208
298,1,0,1,0.06637851617810134,3.3616476602628786,20.960348017051288,16.034257281595256,0.43977979749312895,0.15943466755759164,3,1.0214713465980279,0.9223880500525261,0.16765017026873497,0.0,0.0,0.0,0.09014030881333697,0.07750986145539798
299,1,0,0,0.0659371840841444,3.427584844347023,21.19351896966988,16.140374352939126,0.4217659843398705,0.14260535992367954,3,1.2641531564286284,0.9248651324661636,0.20905872472302303,0.0,0.0,0.0,0.10808287891955068,0.10097584580347238
300,1,0,1,0.06590988497212462,3.4934947293191474,21.419271415029172,16.244842033884336,0.4037878249015183,0.1257600286410966,3,1.2635674593697246,0.9333473330652253,0.20894094432561086,0.0,0.0,0.0,0.10786895663011309,0.10107198769549777
301,1,0,1,0.06640275622372178,3.5598974855428693,21.48847735296364,16.218831957162877,0.389252949356443,0.11340727821682144,3,0.9847986974358487,0.9416028362228377,0.16132575581610256,0.0,0.0,0.0,0.08720925327045169,0.07411650254565089
302,1,0,1,0.06588508375198224,3.6257825692948518,21.704420101718494,16.325170693532232,0.3713410894230366,0.09643204738004701,3,1.2649642178773721,0.942682732753163,0.20932254462108535,0.0,0.0,0.0,0.10747115960043879,0.10185138502064653
303,1,0,0,0.0658609346513248,3.6916435039461764,21.915129798807087,16.33821512421678,0.3534238173171053,0.08350748646626872,3,1.17449389765441,0.9507397698812682,0.185050998118257,0.0,0.0,0.0,0.1075036326355873,0.10185300892381222
304,1,0,1,0.06634470853360805,3.7579882124797845,21.9826640857678,16.190364425119775,0.3386450272550967,0.07607189429501438,3,0.8760172109393043,0.9563336230755968,0.13328629339957795,0.0,0.0,0.0,0.08867274037205178,0.07449608421175614
305,1,0,1,0.06586594733271199,3.8238541598124964,22.178812861644584,16.100418686918072,0.3209176839469137,0.06676987776869153,3,1.0605287504472698,0.9543257127721896,0.16217615900703478,0.0,0.0,0.0,0.10636405984909766,0.10230860262919148
306,1,2,1,-0.23413244178528322,3.589721718027213,22.36562352985458,16.213164033809704,0.30329247654791336,0.2996435336782337,3,1.2565368038156932,0.9569807887140664,0.2085093089367494,0.0,0.0,0.0,0.1057512443940023,0.10275806454274715
307,1,0,0,0.06582426725382488,3.655545985281038,22.553357495575668,16.327307872221844,0.2855300161175906,0.28233257910033555,3,1.2663474932248358,0.9644696890916071,0.21044049004932547,0.0,0.0,0.0,0.10657476258193686,0.10386572746738858
308,1,0,1,0.06637860656828254,3.7219245918493207,22.56273589189145,16.29939409973956,0.2717074885043722,0.2699923442707313,3,0.9534812580284318,0.9720166341949379,0.15697657465693585,0.0,0.0,0.0,0.0829351656793104,0.07404140897762544
309,1,0,1,0.06580206901397817,3.787726660863299,22.744713858543022,16.414356277199865,0.2539705913552774,0.2526170349786032,3,1.268493393902657,0.9715532497907752,0.2106732386473373,0.0,0.0,0.0,0.10642138289456887,0.10425185575276841
310,1,0,1,0.06579051722464611,3.853517178087945,22.91818210963502,16.524706257434975,0.23632797676407538,0.23527052696546757,3,1.2627949847206765,0.9789767533935723,0.20993473562602608,0.0,0.0,0.0,0.10585568754721189,0.10407904807881418
311,1,1,1,-0.23421844726371682,3.619298730824228,23.083320228845384,16.632457447326125,0.4687801535059976,0.21795359561576133,3,1.2589615182782654,0.9860722091767499,0.2091885276467035,0.0,0.0,0.0,0.10528693954846635,0.10390158809823716
312,1,0,1,0.06571784106993854,3.6850165718941663,23.253440352908,16.742013669163324,0.4510089493829022,0.20051415851900986,3,1.2725707878041086,0.9928944419042878,0.21126384731908157,0.0,0.0,0.0,0.10662722473857271,0.10463662258050888
313,1,0,1,0.06570603283474827,3.7507226047289146,23.4159222238596,16.844611936661153,0.4333178974655126,0.18319565438572552,3,1.264966489001202,0.9998863505517833,0.2100573363040441,0.0,0.0,0.0,0.10614631150433783,0.10391102479970629
314,1,1,1,-0.23430661458345087,3.5164159901454637,23.57247365527536,16.946027669785636,0.4823586703153548,0.16582759815919668,3,1.2644805185532701,1.0065133540130187,0.21005631546704426,1.0999073847930756,0.0,1.1102230246251565e-16,0.10584797810787143,0.1042083373591728
315,1,0,1,0.06630689328514602,3.5827228834306095,23.53705622711486,16.90322512923387,0.4690008275247544,0.15354412774911125,3,0.934742564414259,1.012962533126525,0.15384787920411455,0.0,0.0,0.0,0.08014705674360191,0.07370082246051263
316,1,2,1,-0.2335830248945347,3.3491398585360748,23.46442099304508,16.8437284129485,0.4565264585581674,0.37381575773487047,3,0.8788750835535692,1.0110070339087185,0.1448511110871064,0.10836532279786015,0.0,0.0,0.07484621379952199,0.07000489728758444
317,1,0,1,0.0662837101835571,3.415423568719632,23.43236304414821,16.81136266740132,0.4431606028770181,0.36131014223527896,3,0.9432800407057875,1.0077037351498397,0.1552288270844449,0.0,0.0,0.0,0.08019513408689595,0.07503369299754899
318,1,0,1,0.06565659710067083,3.4810801658203028,23.60098404065416,16.918013669167795,0.4252245727227999,0.3438173277423276,3,1.2813651410611597,1.0060931427887383,0.21257306788301716,0.0,0.0,0.0,0.10761618092530895,0.10495688695770822
319,1,0,1,0.06563279336003079,3.5467129591803337,23.76386083326704,17.02269950562914,0.4073298221275737,0.32630322535247513,3,1.2805375718197751,1.012974942745549,0.21245311791047264,0.0,0.0,0.0,0.10736850357135773,0.1050846143391149
320,1,0,1,0.0665691035560385,3.613282062736372,23.619563752683227,16.94399271543428,0.3963835200549079,0.31536742258975486,3,0.796660137693734,1.0196640084724047,0.13129262901231573,0.0,0.0,0.0,0.06567781243599442,0.0656148165763213
321,1,0,0,0.06650328166675179,3.6797853444031237,23.507467606827397,16.87386070589114,0.3847727843193607,0.3041086008406156,3,0.8318607563039653,1.0140889117029377,0.13721734490811888,0.0,0.0,0.0,0.06966441441328322,0.06755293049483566
322,1,0,1,0.06566209448283532,3.745447438885959,23.668278279993224,16.978161907147914,0.36698678892318726,0.28665518803609014,3,1.2746450822405615,1.0095332078179635,0.2114364492041937,0.0,0.0,0.0,0.10671597237704071,0.10472047682715299
323,1,0,1,0.06565529793992987,3.811102736825889,23.81967797833859,17.078724202454485,0.34933027534204175,0.26924517258014674,3,1.268122998330469,1.0161610046785285,0.21039917422253326,0.0,0.0,0.0,0.10593908148687285,0.10446009273566044
324,1,1,1,-0.23362328938705765,3.5774794474388316,23.741309073211973,17.01713626715626,0.4875015316616924,0.2575120438067252,3,0.8825032140949833,1.022460054519827,0.1453895826703747,0.5959816520522505,0.0,0.0,0.07499081002984578,0.07039877264052889
325,1,0,1,0.0656445546754111,3.643124002114243,23.8890228028284,17.11576763136648,0.4698883921940385,0.2401574283096725,3,1.2653062273358566,1.018961133509206,0.20980652978823988,0.0,0.0,0.0,0.10567883680592349,0.1041276929823164
326,1,0,1,0.06562683344095935,3.708750835555202,24.03312892130886,17.212527899507975,0.45227618377563567,0.22278187798955149,3,1.2659861474768244,1.025119760854872,0.20992655243114303,0.0,0.0,0.0,0.10567325051041702,0.10425330192072599
327,1,0,1,0.06560875299274387,3.774359588547946,24.17066578909467,17.30890924697296,0.4347286050619778,0.20536785554820314,3,1.2650596357712116,1.031141420520421,0.209769606930037,0.0,0.0,0.0,0.10528547228194693,0.10448413464809006
328,1,0,1,0.06560414410319791,3.8399637326511438,24.302583899683924,17.398907433011946,0.4172382600298059,0.1880526629645692,3,1.2589056725299363,1.0369893759016908,0.20883322569483487,0.0,0.0,0.0,0.10494207019303098,0.10389115550180386
329,1,0,1,0.06646146364897974,3.9064251963001233,24.156073980240414,17.32271303801585,0.40604177687606585,0.1766877058738756,3,0.8198329688777879,1.042537283317397,0.13536864146660266,0.0,0.0,0.0,0.06717889892244108,0.06818974254416157
330,1,0,0,0.06560983700193666,3.9720350333020598,24.285657074437374,17.412493540981956,0.3886204256568844,0.1593778876308029,3,1.2563332726194734,1.0369696754564066,0.20838701677352403,0.0,0.0,0.0,0.10452810731508805,0.10385890945843598
331,1,0,1,0.06642358920467764,4.0,24.15539541131188,17.338106202553718,0.37704715274202494,0.14796095756382388,3,0.8378047638317467,1.0424537653854833,0.13794121789103123,0.0,0.0,0.0,0.06943963748915696,0.06850158040187426
332,1,0,0,0.06638774103586288,4.0,24.051463712542017,17.26354505399428,0.36494478089051263,0.13649515753005956,3,0.8588446930173477,1.0373375403466398,0.14140903131165958,0.0,0.0,0.0,0.07261423110907363,0.06879480020258594
333,1,1,1,-0.23435967561988227,3.7656403243801178,24.18054941785605,17.33359928949038,0.4826585343484389,0.11986779492445364,3,1.2320151599735294,1.0328752191634076,0.20381296954300204,0.6896686853430761,0.0,5.551115123125783e-17,0.10404879390936655,0.10320709973155281
334,1,0,1,0.0655997603077717,3.8312400846878893,24.30956467817287,17.304097028841944,0.4652342895208354,0.10710170273821652,3,1.1373667173520543,1.0378537176836606,0.18114202208304372,0.0,0.0,0.0,0.10454546896562111,0.1037382917889895
335,1,0,1,0.06651373725414629,3.8977538219420356,24.15240670589219,17.114746631767137,0.4543043629055721,0.10027466414351603,3,0.6938331733198795,1.0403415426753706,0.10654179125978287,0.0,0.0,0.0,0.06557955969157983,0.06635907615036807
336,1,0,1,0.0662560346178804,3.964009856559916,24.094181312640135,16.946989442040852,0.44116019669220635,0.09290595957901293,3,0.8056962504631437,1.0316788334414833,0.1230772246672128,0.0,0.0,0.0,0.07886499728019428,0.07357631910749511
337,1,0,1,0.06564960427324376,4.0,24.21937573797343,16.837502988339857,0.42389055377668394,0.08358961543444621,3,1.0417372404993235,1.0260292688670247,0.1595159223605351,0.0,0.0,0.0,0.10361785749313476,0.10485591331582911
338,1,2,1,-0.23433769862417267,3.7656623013758272,24.33689320769478,16.944980927721684,0.4067270719223304,0.31604781446495694,3,1.2514173772610075,1.0264219681578322,0.2082316969430566,0.0,0.0,0.0,0.10298089112612129,0.10525080581693533
339,1,0,0,0.06633078507021813,3.831993086446045,24.244290787011124,16.897144812704234,0.3942953742302165,0.3039767738434685,3,0.8916083176843059,1.0320468533854117,0.14701642988161392,0.0,0.0,0.0,0.0745901861526831,0.07242624372893083
340,1,0,0,0.06621429208161687,3.898207378527662,24.198454947939645,16.868362169366787,0.38082058382764744,0.29123311704724253,3,0.95391740758396,1.028535889992884,0.15731068319277067,0.0,0.0,0.0,0.08084874241541447,0.07646194077735619
341,1,0,0,0.06635715866841528,3.964564537196077,24.10643719153029,16.823121370557853,0.3684573463726857,0.27912919310109047,3,0.8894118727143713,1.0266704279326608,0.14680296840668242,0.0,0.0,0.0,0.07417942472977057,0.07262354367691184
342,1,0,1,0.06627888857298371,4.0,24.04568608330542,16.78885642435456,0.35541986429546735,0.2666527560223811,3,0.9282229096240389,1.0232389640522037,0.1530835149355667,0.0,0.0,0.0,0.07822489246330987,0.07485862247225684
343,1,0,1,0.06565558310429945,4.0,24.174425247779133,16.900419595466506,0.3380944751917747,0.24900425268753543,3,1.2611658982771612,1.0208635626914995,0.20984335463122936,0.0,0.0,0.0,0.1039523346221559,0.10589102000907347
344,1,0,1,0.0656510641252507,4.0,24.297913024161065,17.007139992621642,0.32081859800217,0.23141888415653342,3,1.2570792946182094,1.026871121081141,0.20916747432364036,0.0,0.0,0.0,0.10365526313762816,0.10551221118601216
345,1,0,1,0.06564007364819202,4.0,24.416406029918463,17.108144310533334,0.30358202800793654,0.21393447172587685,3,1.252123649088654,1.0326263254195678,0.20832589454934033,0.0,0.0,0.0,0.10341941996540058,0.10490647458393974
346,1,0,1,0.06562086141152433,4.0,24.531074261584898,17.2071573611534,0.2863665299401103,0.196452036698842,3,1.2517950407977936,1.038113758511295,0.20818759856916658,0.0,0.0,0.0,0.10329298840695765,0.10489461016220891
347,1,1,1,-0.23370645558483782,3.766293544415162,24.447420314210937,17.146156009830275,0.4872360147535311,0.18452512989783867,3,0.8988004918713783,1.0434557905684576,0.14814535228483303,0.2181991796406616,0.0,0.0,0.07658391147881304,0.07156144080601999
348,1,0,1,0.06561369806710762,3.8319072424822695,24.5613827174801,17.24172498727978,0.4700119899547642,0.1671558273909057,3,1.249370788819693,1.0398394081010305,0.2075599638341994,0.0,0.0,0.0,0.10334414879260155,0.10421581504159783
349,1,0,1,0.06558402371917108,3.8974912662014405,24.674240095066764,17.340214971695925,0.4527539151548175,0.14963514432530986,3,1.2564250546218094,1.0450776926189969,0.20867254719325462,0.0,0.0,0.0,0.10354844879967971,0.10512409839357492
350,1,2,1,-0.23374934896474925,3.6637419172366914,24.584755375696325,17.28448116427017,0.44005592611987615,0.3661824192669236,3,0.9051428498728695,1.0503613766690671,0.14917483703769355,0.12772944752227278,0.0,0.0,0.07618793420964858,0.07298690282804496
351,1,0,1,0.06642047158168281,3.7301623888183744,24.42881019937156,17.217106375310703,0.4289163223930251,0.35457169339478717,3,0.8234109482149381,1.0467309134991623,0.1365019775939245,0.0,0.0,0.0,0.0668376223611063,0.0696643552328182
352,1,0,1,0.06556930736419089,3.7957316961825653,24.55628378803067,17.319267261695924,0.41138845645569083,0.33693531432414187,3,1.2707823894113834,1.0411479143670568,0.21098547004787768,0.0,0.0,0.0,0.10516719562400584,0.10581827442387186
353,1,2,1,-0.23367172325270247,3.562059972929863,24.44534715752075,17.254102495879092,0.3992469188619419,0.48388920902931126,3,0.8707873799164132,1.046888776243165,0.14350618816402672,0.5476196691674501,0.0,0.0,0.07284922556249354,0.07065696260153319
354,1,1,1,-0.23374918647785767,3.3283107864520054,24.35681475769797,17.20284386390989,0.4873906648592075,0.47169210504866427,3,0.9026952095430114,1.0424862413349962,0.14883863472863681,0.8954815131716513,0.0,5.551115123125783e-17,0.07565601084475503,0.07318262388388179
355,1,0,1,0.06630402638135002,3.3946148128333555,24.254372392866564,17.1502660126811,0.47517379512015756,0.4596292886261859,3,0.8839712494800038,1.0389914655401964,0.1456781169691703,0.0,0.0,0.0,0.07330121843429971,0.07237689853487056
356,1,1,1,-0.23368570995386245,3.1609291028794932,24.15233459972267,17.09907281876098,0.48783494662856075,0.44757139825729036,3,0.8818849730746804,1.035115960138692,0.14533766244200905,1.3510427707209451,0.0,0.0,0.0729903202286356,0.07234734221337344
357,1,0,1,0.06554737476793458,3.2264764776474277,24.30174053440496,17.209076445836935,0.4699576529525404,0.42981593024523274,3,1.290694747220332,1.0312851854620915,0.21379657012846742,0.0,0.0,0.0,0.10726376205612216,0.1065328080723453
358,1,0,1,0.06553903791096144,3.292015515558389,24.444883801106297,17.312748397031747,0.452141405779356,0.41215092123806935,3,1.2845856424022026,1.0377704245060475,0.21288753708208707,0.0,0.0,0.0,0.10689748303910634,0.1059900540429807
359,1,0,1,0.06633947794544985,3.358354993503839,24.329021700969037,17.251356852217384,0.4401882633518212,0.40030682489033387,3,0.8666871600018224,1.0439408049534513,0.14278343265162127,0.0,0.0,0.0,0.07171885456520845,0.07106457808641284
360,1,1,1,-0.23445142585473333,3.123903567649106,24.465873791370168,17.35325431047687,0.48231609837739997,0.3826722658461006,3,1.278259012490278,1.0395094638296605,0.21191076400100003,1.1411295801109276,0.0,5.551115123125783e-17,0.10610340973560026,0.10580735426539978
361,1,0,1,0.06641956076670963,3.1903231284158156,24.312635252866656,17.283824816739127,0.4711839428548901,0.3711228425739351,3,0.822810170304923,1.045478202546176,0.13608947276805142,0.0,0.0,0.0,0.06679293313505882,0.0692965396329926
362,1,0,1,0.06636838936366689,3.2566915177794824,24.19103243616555,17.221198770142447,0.45944875805153634,0.3593524590455625,3,0.8556826384423604,1.0399115017401448,0.1410334099903583,0.0,0.0,0.0,0.07041110882012246,0.07062230117023582
363,1,2,1,-0.23442253289297524,3.022268984886507,24.330294620881936,17.319747964303296,0.4417930122045377,0.4824918938658029,3,1.2731171590349308,1.0353057801577,0.21098311188717497,0.6561147542733751,0.0,5.551115123125783e-17,0.10593447508199205,0.10504863680518295
364,1,0,1,0.06628977411656514,3.0885587590030723,24.23120551935311,17.262296534975846,0.4295130611196496,0.47050771490154664,3,0.8847105337733555,1.041251064629631,0.1455847802948661,0.0,0.0,0.0,0.07367970650932879,0.07190507378553732
365,1,0,1,0.0655341990431266,3.1540929580461987,24.379460531448146,17.36538155305813,0.41161954484021596,0.4528212286506548,3,1.2886775815355456,1.037337551358224,0.21348001518195286,0.0,0.0,0.0,0.10736109767660185,0.10611891750535102
366,1,0,1,0.06634543504094256,3.220438393087141,24.25467000803374,17.304706789279628,0.39989079324777704,0.440936157592223,3,0.8581557649197498,1.043621052112657,0.14168293590522388,0.0,0.0,0.0,0.07037250955463331,0.07131042635059055
367,1,2,1,-0.2344590709043496,2.9859793221827915,24.398550962878332,17.403732321470926,0.38209049245354637,0.4824112017794795,3,1.2818909069687217,1.0389844199328344,0.2123345940885075,1.1456169455533383,0.0,5.551115123125783e-17,0.10680180476538446,0.10553278932312306
368,1,0,1,0.06635462556410758,3.052333947746899,24.271775222420594,17.33708066803917,0.37040981445571575,0.4707008905595855,3,0.8516296882192393,1.0450570821087315,0.14034593530634665,0.0,0.0,0.0,0.0700840679869831,0.07026186731936353
369,1,0,0,0.065536306361215,3.117870254108114,24.415433098624103,17.43563985354453,0.3526050976505033,0.45310419171078586,3,1.28243845897036,1.0402213972614942,0.2124084939240729,0.0,0.0,0.0,0.10682830083127473,0.10558019309279817
370,1,1,0,-0.23361905797497268,2.884251196133141,24.27454100706342,17.366357393129277,0.4886131011563504,0.4414646246688569,3,0.8361022718282816,1.0462768238042157,0.1381587953134708,0.6156305859030199,0.0,5.551115123125783e-17,0.06832139306189695,0.06983740225157385
371,1,0,1,0.06553239899986894,2.94978359513301,24.41969455935273,17.46444369231009,0.47077050318496677,0.42388142259246564,3,1.2842623114749412,1.0410224600048175,0.21255480028664975,0.0,0.0,0.0,0.10705558782830242,0.10549921245834736
372,1,0,1,0.06639033702655571,3.0161739321595658,24.27149602158675,17.394274149078463,0.4595498238603615,0.41227628885286816,3,0.828735375293959,1.0471034562915706,0.1369548783852173,0.0,0.0,0.0,0.06732407594763186,0.06963080243758546
373,1,0,1,0.06647832192943502,3.082652254089001,24.103628029272265,17.313224920109676,0.4488591372335615,0.401114460331849,3,0.792727032983362,1.0416442542666302,0.13111509088691495,0.0,0.0,0.0,0.06414411976080003,0.06697097112611493
374,1,0,1,0.06638614504618903,3.14903839913519,23.984184358071232,17.24677589263993,0.43718847268322175,0.3894693158497391,3,0.8495286250637725,1.0354213237345486,0.13989485419469738,0.0,0.0,0.0,0.07002398730203799,0.06987086689265942
375,1,0,1,0.06557318881355695,3.2146115879487467,24.13476240324683,17.347012519940485,0.41939355438223797,0.3719184014682952,3,1.2815886787439288,1.0307740062677793,0.21207499609456582,0.0,0.0,0.0,0.106769509805903,0.10530548628866286
376,1,0,1,0.06645146028944737,3.281063048238194,23.990945581413975,17.270299178579876,0.4082548732005051,0.36057771406173983,3,0.8165142098862175,1.037044373079683,0.1348762115297298,0.0,0.0,0.0,0.0668320870903974,0.06804412443933242
377,1,2,1,-0.23441487714269685,3.046648171095497,24.138984232784626,17.36748925773623,0.3905121851134083,0.48254006042251035,3,1.2767598495268573,1.0315311189998462,0.2112157659875185,0.6634662843704391,0.0,5.551115123125783e-17,0.1064561285225808,0.10475963746493773
378,1,0,0,0.06634047202698846,3.1129886431224856,24.028478978660132,17.303268432009183,0.37859717251292296,0.47075928998281436,3,0.8629357574114773,1.0376618372630215,0.1421746982410877,0.0,0.0,0.0,0.07149007560291161,0.0706846226381761
379,1,0,1,0.0655510961955793,3.1785397393180648,24.182214579188276,17.404249347850385,0.36070255563194015,0.45312254474707747,3,1.2880102016360773,1.033293685266733,0.21318817270031815,0.0,0.0,0.0,0.10736770128589698,0.10582047141442112
380,1,0,1,0.06553881214478754,3.2440785514628523,24.329362674426783,17.500424154434036,0.3428689456618618,0.4355810026378926,3,1.2829844999981268,1.0396615981759665,0.212250912475579,0.0,0.0,0.0,0.10700165982047001,0.10524925265510901
381,1,0,1,0.06645342735562959,3.310531978818482,24.170150360834953,17.410892185970056,0.3319560337339285,0.4245842457254861,3,0.7970003886657078,1.0457446707215206,0.13145801304203839,0.0,0.0,0.0,0.06547747156759952,0.06598054147443887
382,1,0,1,0.06633922259032488,3.376871201408807,24.0640721573877,17.342683505519645,0.31992466617827503,0.412874024124601,3,0.8652391797724561,1.0395260636701251,0.14244953493923207,0.0,0.0,0.0,0.07218820533392137,0.0702613296053107
383,1,0,1,0.0655592662178755,3.4424304676266826,24.21353880878919,17.43965721069484,0.30211158160552726,0.3953323363731808,3,1.2816092481493708,1.0351688915726835,0.2121286339450078,0.0,0.0,0.0,0.10687850743648641,0.10525012650852139
384,1,0,1,0.06555410874628045,4.0,24.353912650211157,17.532932893114122,0.28442032460539196,0.3778314348251696,4,1.274979424328354,1.0413299004871008,0.21115295128887884,0.0,0.0,0.0,0.10614754200081168,0.10500540928806713
385,1,0,1,0.06555149883927042,4.0,24.485156355235894,17.62180510838729,0.26686402063566356,0.36039873755925694,4,1.267287058881036,1.0471711385831322,0.20993400741384685,0.0,0.0,0.0,0.10533782381837062,0.10459618359547625
386,1,2,1,-0.23363239197458105,3.766367608025419,24.349900057217763,17.544192186506926,0.25530845832989457,0.4884893613844859,4,0.8398048166920867,1.0526740365905796,0.13839720552769824,0.6623924253555414,0.0,0.0,0.06933337383461381,0.06906383169308444
387,1,1,1,-0.23447381448273347,3.5318937935426855,24.49156861353459,17.633533853512656,0.480251839118083,0.47101940780119955,4,1.2783625294156675,1.0473523060931174,0.2116618283752008,0.04349760839538719,0.0,5.551115123125783e-17,0.10684210687548243,0.10481972149971835
388,1,0,1,0.06548267163947649,3.597376465182162,24.632405183858523,17.724382632582472,0.4623821037362223,0.4534408985392755,4,1.2848129110699356,1.053127561676181,0.21268946786270898,0.0,0.0,0.0,0.10721841229116423,0.10547105557154475
389,1,0,1,0.06548002322500393,3.662856488407166,24.766070113331114,17.810827453771058,0.44459708605797116,0.4359378044081001,4,1.2790294460722005,1.0589196954110252,0.21172867085655847,0.0,0.0,0.0,0.10671010606950664,0.10501856478705189
390,1,0,0,0.06546283771211028,3.7283193261192764,24.89545598858767,17.89480795691062,0.42683235784119195,0.41844239844144776,4,1.2777888175736707,1.0644224391775543,0.2115608051005892,0.0,0.0,0.0,0.10658836930067506,0.10497243579991415
391,1,0,1,0.06547704029779493,3.7937963664170713,25.01313605193345,17.972577536656086,0.4092673800850499,0.4010956574827085,4,1.2652062417287078,1.0697565986374573,0.20947031228928767,0.0,0.0,0.0,0.10538986653685227,0.10408044575243539
392,1,0,1,0.06663141654627039,3.8604277829633418,24.779330744114752,17.850665092992223,0.39977671111236984,0.39078495285239717,4,0.7189250882321718,1.0746428397147385,0.11880824161794898,0.0,0.0,0.0,0.056944013836080484,0.0618642277818685
393,1,0,1,0.06643634124112652,3.926864124204468,24.61415581760201,17.747803087808133,0.3887843075210671,0.3799526347747428,4,0.7977129642308469,1.0657498959276743,0.13094833001374243,0.0,0.0,0.0,0.0659544215478166,0.06499390846592584
394,1,0,1,0.0663342433818314,3.9931983675862996,24.48000413711521,17.670114804406076,0.3771174401044733,0.36836550943095453,4,0.8472090087463959,1.0590489726352537,0.13952395656229222,0.0,0.0,0.0,0.07000120449956267,0.06952275206272956
395,1,0,0,0.06551857158943622,4.0,24.613485664268186,17.756177230650312,0.3594274103946471,0.3509106881446476,4,1.2732969269352443,1.0537529735380322,0.21086910597679817,0.0,0.0,0.0,0.10614017825895702,0.10472892771784113
396,1,0,1,0.06550455836510537,4.0,24.740982942068932,17.83902526167644,0.3417998218097373,0.3335010087024453,4,1.2695868811998352,1.0592415723729625,0.21022360816267338,0.0,0.0,0.0,0.10576553150945928,0.10445807665321409
397,1,0,1,0.06550194968783714,4.0,24.862205954714184,17.91675423280436,0.3242452092255818,0.3161830290973957,4,1.263452188866808,1.0645002050936343,0.20923555313523054,0.0,0.0,0.0,0.10532767550493284,0.10390787763029768
398,1,0,0,0.06636761182121279,4.0,24.70429263166259,17.825510295154807,0.31299035189812435,0.3049683669924821,4,0.8203167439868166,1.0694740046879638,0.13481711659422635,0.0,0.0,0.0,0.06752914396474473,0.06728797262948161
399,1,0,0,0.06553185715080456,4.0,24.819540925710186,17.901808027909357,0.29560022682345527,0.2877148632604159,4,1.2547910999725784,1.063245073170435,0.20786177284041177,0.0,0.0,0.0,0.10434075044801444,0.10352102239239735
400,1,0,1,0.0655224173251107,4.0,24.929356850513727,17.97513260416484,0.2782729292111181,0.27050469969898255,4,1.2511742248995104,1.0680337238404887,0.20722476704262244,0.0,0.0,0.0,0.10396378567402273,0.10326098136859972
401,1,0,1,0.06629095149958388,4.0,24.80786421057904,17.87928080400797,0.26612094966469885,0.2592931676741917,4,0.8552677962754076,1.0726122363669641,0.1401810694272611,0.0,0.0,0.0,0.07291187727851567,0.06726919214874545
402,1,0,1,0.06552720568190326,4.0,24.91881872823836,17.952991816758654,0.2487754519066706,0.24208112914575916,4,1.2518441557746818,1.0671786253646753,0.20734521771876468,0.0,0.0,0.0,0.10407298654816947,0.10327223117059521
403,1,0,1,0.0664268208987276,4.0,24.752911808508333,17.84789286378873,0.23770180568012791,0.23135360781552242,4,0.8007893909249724,1.0717952636249253,0.13080700534067638,0.0,0.0,0.0,0.06644187735925619,0.06436512798142019
404,1,0,1,0.06633469401148534,4.0,24.62541309949012,17.75580104027678,0.22579537855472764,0.22014240757552458,4,0.8454295842772657,1.0650201168074265,0.13870576419238848,0.0,0.0,0.0,0.07143856275240146,0.06726720143998702
405,1,0,1,0.06618923695959351,4.0,24.559270390230097,17.685827542718656,0.2125654998880365,0.208137686044806,4,0.9234141466760225,1.0595303534941727,0.15140760118445878,0.0,0.0,0.0,0.07937927200014723,0.07202832918431151
406,1,0,1,0.06622223673768884,4.0,24.483696967707054,17.6149141167762,0.1995822652329996,0.19622617409841211,4,0.9096405998582223,1.0561274483237189,0.14936847960858485,0.0,0.0,0.0,0.07789940793022138,0.07146907167836347
407,1,0,1,0.06560583763822124,4.0,24.59415945193561,17.69180463807144,0.18244781184976247,0.17912198298243676,4,1.2398182826358797,1.0524652771120815,0.2054318669952748,0.0,0.0,0.0,0.10280672029942273,0.10262514669585208
408,1,0,0,0.06624177106528727,4.0,24.51860038647761,17.61040924367658,0.16942975700132243,0.16754801242331174,4,0.9001946423973106,1.0571491022501762,0.1475521524453904,0.0,0.0,0.0,0.0781083290906404,0.06944382335475002
409,1,0,1,0.06620262314244003,4.0,24.46157272942074,17.540847335560663,0.15603813286026436,0.1555797956438118,4,0.926635675581075,1.0532252407538545,0.15215904552334802,0.0,0.0,0.0,0.08034974484634834,0.0718093006769997
410,1,0,1,0.06563085938957011,4.0,24.567950838366674,17.617291435068978,0.13901542281953602,0.1385650888144542,4,1.232882710078783,1.0500605016245352,0.20422450122051528,0.0,0.0,0.0,0.10213626024436988,0.10208824097614538
411,1,0,1,0.06620532996952536,4.0,24.524738726885076,17.536702748507103,0.12527552288440302,0.12685055459325337,4,0.9308302587924129,1.0546310568358912,0.15272660493800314,0.0,0.0,0.0,0.08243939961079799,0.07028720532720516
412,1,1,1,-0.23377201420947613,3.7662279857905236,24.469985999445626,17.46077823954709,0.3618303688148015,0.11512540948951401,4,0.9208588004853413,1.0515360368848046,0.15102179504004531,0.0,0.0,0.0,0.0806709244176093,0.07035087062243602
413,1,0,0,0.06561241180915464,3.831840397599678,24.5800500800949,17.54087220385342,0.3447183638359275,0.09805190657269396,4,1.2384271509304234,1.048269105974818,0.205113047374164,0.0,0.0,0.0,0.10267202987324353,0.10244101750092044
414,1,0,1,0.06632447071716191,3.89816486831684,24.468295940618614,17.4603299427542,0.33257523954773655,0.08664412928173622,4,0.8607266565232012,1.053023057098708,0.14130540947489237,0.0,0.0,0.0,0.07285874572914598,0.06844666374574639
415,1,0,1,0.06635407788620275,3.964518946203043,24.35442468903903,17.381554996265344,0.32055794094211526,0.07522561446445267,4,0.8555694490158847,1.0482156470843202,0.1406148805374293,0.0,0.0,0.0,0.07210379163372796,0.06851108890370133
416,1,0,1,0.06623867363587056,4.0,24.28436164444841,17.31968890113092,0.3075730613914815,0.06326159209327131,4,0.9114703524075626,1.0433994921326095,0.14969341153089052,0.0,0.0,0.0,0.07790927730380234,0.07178413422708818
417,1,0,1,0.06563512531252208,4.0,24.398289673105385,17.326981956749528,0.29048141393530397,0.048753759699122996,4,1.1613223479150696,1.040101263639483,0.18959687910195494,0.0,0.0,0.0,0.10254988473706511,0.10262908872924192
418,1,2,0,-0.23437369488064425,3.7656263051193557,24.507444538005938,17.415129107756506,0.27343288091083046,0.28155667213706603,4,1.2404338066539016,1.043131790746373,0.20547372351918297,0.0,0.0,0.0,0.10229119814684123,0.10318252537234174
419,1,0,1,0.0663729212647398,3.8319992263840956,24.38695572887554,17.336418774197828,0.26155101455473967,0.27013742725913353,4,0.8488651984549846,1.048064341144061,0.13980666740413944,0.0,0.0,0.0,0.07129119813654453,0.0685154692675949
420,1,0,1,0.06626534540174069,3.898264571785836,24.306461471734085,17.275130091531214,0.2487959688144391,0.2582094404225746,4,0.9013014227687651,1.0430843625768342,0.1480981954611567,0.0,0.0,0.0,0.07653027444180326,0.07156792101935343
421,1,0,1,0.06562103022608441,3.9638856020119206,24.425310898818935,17.36642198966746,0.23156313421950322,0.24092773568627843,4,1.2496811143027318,1.0395397890816325,0.20708723598739284,0.0,0.0,0.0,0.1033970075696155,0.10369022841777735
422,1,0,1,0.06627150553184379,4.0,24.344057727938605,17.30058467114238,0.21878614386473916,0.22912833423542234,4,0.8977028328067485,1.04479332221216,0.14745835083372077,0.0,0.0,0.0,0.07666194212858421,0.07079640870513658
423,1,0,1,0.06619150423142722,4.0,24.30107913728188,17.247001210861015,0.20518246465679715,0.21687272822765433,4,0.9445540090389379,1.0411160599770248,0.15515571129426017,0.0,0.0,0.0,0.08162207524765208,0.07353363604660809
424,1,0,1,0.06628256921274409,4.0,24.222827447337597,17.188108218370207,0.1924169418354302,0.2049355606735024,4,0.901557326268475,1.0387020087035725,0.1482161422531131,0.0,0.0,0.0,0.07659313692820183,0.07162300532491131
425,1,0,1,0.06622671962901609,4.0,24.17352644972251,17.136686578457187,0.1790417766731909,0.1927238841316452,4,0.9345507541145864,1.035273391642695,0.1535210502245787,0.0,0.0,0.0,0.08025099097343569,0.073270059251143
426,1,0,1,0.06566591178891215,4.0,24.2882901647681,17.228302203073323,0.16199311293603177,0.17556390175104297,4,1.2391346653662196,1.0327553257044924,0.20525187670656855,0.0,0.0,0.0,0.10229198242295498,0.10295989428361357
427,1,0,1,0.06566229087947187,4.0,24.397570219765356,17.316640365605394,0.14500749418942455,0.1584183924374722,4,1.2355330267253715,1.0379148091960355,0.20478676836106818,0.0,0.0,0.0,0.10191371247964334,0.10287305588142481
428,1,0,1,0.06624321013061497,4.0,24.34020320188148,17.25214374919034,0.13169472505842925,0.14652996327021453,4,0.9209916303353294,1.042855264634269,0.15120718978951764,0.0,0.0,0.0,0.07987661478597184,0.0713305750035458
429,1,0,1,0.06624690860617609,4.0,24.28968127079186,17.18765353448083,0.11826782142728852,0.13466589956791214,4,0.9247965279776689,1.0398086737767955,0.1517458040006586,0.0,0.0,0.0,0.08056142178684425,0.07118438221381435
430,1,1,1,-0.23365555030101107,3.766344449698989,24.20272236079353,17.115407941414574,0.3557277068694531,0.12322104102573478,4,0.8777288670672276,1.0369333701318173,0.14390983860007703,0.0,0.0,0.0,0.07524068734701272,0.06866915125306429
431,1,0,1,0.06645960282252128,3.83280405252151,24.068951469628168,17.03852880144421,0.3443390162651156,0.11204293473662037,4,0.8223032264194742,1.0329532575552025,0.13540078136071126,0.0,0.0,0.0,0.0683321436260249,0.06706863773468638
432,1,0,1,0.06566926065738882,3.898473313178899,24.187837612139923,17.132936545192003,0.32725167576249176,0.0948961765229636,4,1.2409808930363613,1.0276870067768094,0.2054045922976834,0.0,0.0,0.0,0.10252404301574278,0.1028805492819406
433,1,0,1,0.06622045429236909,3.964693767471268,24.138586813818378,17.066509803661823,0.31389847167871515,0.08326841619805035,4,0.9173418140815739,1.0330193539332981,0.1498857864521391,0.0,0.0,0.0,0.08011922450265957,0.07340830852928086
434,1,0,1,0.06631057470601143,4.0,24.061730864829585,16.937196883525516,0.30122788080971724,0.07381340857234636,4,0.8239585463119095,1.030127415437005,0.1327535909682116,0.0,0.0,0.0,0.07602354521398769,0.0714566478731167
435,1,0,1,0.06627679344825851,4.0,24.00300245571784,16.786594620394368,0.2881793669581784,0.06577104773479024,4,0.8156425214659804,1.0249731937088777,0.12654524813456933,0.0,0.0,0.0,0.07829108310923266,0.07288384188529692
436,1,0,1,0.0662546297696191,4.0,23.964060258668983,16.547985283324465,0.2747190872290238,0.06058305002364395,4,0.7421883927840459,1.0197399269028051,0.11188966464180575,0.0,0.0,0.0,0.08076167837492787,0.07399786996568719
437,1,0,1,0.06571879030293913,4.0,24.080716905111174,16.39851062411304,0.2577551563530794,0.05269558580598352,4,0.9799831257806022,1.0128011385498363,0.1491083705616289,0.0,0.0,0.0,0.10178358525566636,0.10423295485642432
438,1,0,1,0.06575208882473157,4.0,24.18600061045401,16.247205825681142,0.24099294880136088,0.044968055203098024,4,0.9659595951415438,1.0119806882306053,0.14693842892762438,0.0,0.0,0.0,0.1005732453103114,0.10398636022390206
439,1,2,1,-0.23373293373056414,3.7662670662694357,24.14741811234107,16.231061528750452,0.2274288398784787,0.2822537902183734,4,0.9561033658597533,1.0108301609033787,0.15767024344564085,0.0,0.0,0.0,0.0813846535372929,0.07628558990834795
440,1,2,1,-0.23365854454412258,3.5326085217253134,24.07237617593428,16.21476249793867,0.21472686730972287,0.47971992575909783,4,0.9181210238087099,1.0094619910272882,0.15176651803821584,0.2396485041299724,0.0,5.551115123125783e-17,0.07621183541253501,0.07555468262568087
441,1,0,1,0.06636371248208578,3.598972234207399,23.98239603060513,16.19659244164082,0.20239839252447975,0.4672391341378057,4,0.8990282652198229,1.0071784668468238,0.14885559843921087,0.0,0.0,0.0,0.07397084871145858,0.07488474972775229
442,1,0,1,0.06569467155084897,3.664666905758248,24.113794968840175,16.32702186077278,0.18506272008831015,0.44946546878043625,4,1.2663030691731592,1.0044747118061488,0.21065602676123513,0.0,0.0,0.0,0.10401403461701783,0.1066419921442173
443,1,0,1,0.06633774115508723,3.7310046469133353,24.036225665660538,16.30169176214868,0.17241194949579056,0.43711222484583206,4,0.9081210189365801,1.011020420740324,0.15002408716274235,0.0,0.0,0.0,0.0759046235551174,0.07411946360762497
444,1,0,1,0.0656742195724384,3.796678866485774,24.167591045991085,16.43053116068981,0.15503897290196048,0.419320879729562,4,1.2686527145669129,1.0084479356952305,0.21098593026060092,0.0,0.0,0.0,0.10423785956298068,0.10674807069762024
445,1,0,1,0.06566433274634458,3.8623431992321184,24.291995687121137,16.5562667180675,0.13775395598881668,0.40153094059976785,4,1.2650932536747663,1.0149530551670225,0.21044973625762725,0.0,0.0,0.0,0.10371010147886284,0.10673963477876444
446,1,0,0,0.06567278109048195,3.9280159803226002,24.40610340485226,16.67303474795014,0.12063907751645668,0.3839239375981813,4,1.2520823077434753,1.021206560129716,0.2083312888436801,0.0,0.0,0.0,0.10268927083415985,0.10564201800952026
447,1,0,0,0.06566580442869432,3.9936817847512946,24.515275391430137,16.785557159709562,0.10357328323533498,0.3663637737671462,4,1.2486728521573616,1.02697845382006,0.20775574867294022,0.0,0.0,0.0,0.10239476568673017,0.10536098298621004
448,1,0,1,0.0656607005273257,4.0,24.619368705225114,16.89359071983386,0.08656374802594224,0.3488362430143119,4,1.2446476876977628,1.0325208137784927,0.2072223957733625,0.0,0.0,0.0,0.10205721125635639,0.10516518451700609
449,1,0,1,0.06625263090028118,4.0,24.549835016876695,16.84832863141333,0.07341519728614261,0.33662696935720954,4,0.923028208857529,1.0378239856264742,0.15214694638141169,0.0,0.0,0.0,0.0788913044387978,0.07325564194261389
450,1,1,1,-0.23377216546151425,3.7662278345384856,24.495402857507074,16.80662367238571,0.30995082990992723,0.32430121248581883,4,0.9388169728100102,1.0349540912072506,0.15474074548563704,0.0,0.0,0.0,0.08078620425729252,0.0739545412283445
451,1,0,1,0.06683584804490403,3.8330636825833895,24.243774706499487,16.711311114289757,0.3012068196560521,0.313990626697224,4,0.6856099541437776,1.0325506632473196,0.11432757625481944,0.0,0.0,0.0,0.0524640615232507,0.06186351473156875
452,1,0,1,0.06564766581575808,3.8987113483991473,24.36480661729917,16.825859916727566,0.2839577295135841,0.29637598558228256,4,1.2594578587572247,1.023877145519731,0.20918238754445656,0.0,0.0,0.0,0.10349454085480787,0.10568784668964873
453,1,2,1,-0.23436664043176952,3.664344707967378,24.4822178799906,16.93692847676775,0.26672146863546325,0.4823906798115177,4,1.258246486082284,1.0297666633506686,0.20907348639961926,0.2782559134936954,0.0,5.551115123125783e-17,0.10341756526872518,0.10565592113089407
454,1,0,0,0.06557550260159485,3.729920210568973,24.608128751648124,17.04861478315386,0.24920555239115716,0.4646770990932358,4,1.2730758369625905,1.0354786589189588,0.21137698177552794,0.0,0.0,0.0,0.10509549746583664,0.10628148430969127
455,1,0,1,0.06554447591428879,3.7954646864832617,24.73212157042007,17.15687907073921,0.23166106395889663,0.44695769435261273,4,1.273675694727344,1.0414185883700497,0.2115833590373015,0.0,0.0,0.0,0.10526693059356305,0.10631642844373844
456,1,0,1,0.06555080985800665,3.8610154963412686,24.8471420951995,17.26034711018327,0.2142543985232687,0.42933795754715914,4,1.2657135802524744,1.0472250160289822,0.2101584134464888,0.0,0.0,0.0,0.10443999261376766,0.10571842083272116
457,1,0,1,0.06635542891576271,3.9273709252570312,24.71272476792318,17.191495670335293,0.2024691742054876,0.417785072969492,4,0.8494184630102718,1.0526872301345693,0.14002865337268922,0.0,0.0,0.0,0.0707113459066865,0.0693173074660027
458,1,0,1,0.06556311624610338,3.9929340415031347,24.825068990518346,17.289918969444102,0.18513624083105082,0.40029078997502693,4,1.2583730326604348,1.047605510956462,0.2089632982134118,0.0,0.0,0.0,0.10399760024662075,0.10496569796679106
459,1,0,1,0.06643208191744648,4.0,24.659553361400896,17.215428262316514,0.1740852827853018,0.3890125536537419,4,0.8128683627540221,1.0528746989990614,0.13397516620220426,0.0,0.0,0.0,0.06630574827449413,0.06766941792771011
460,1,0,1,0.06557695393539854,4.0,24.770524336830626,17.314909576068054,0.15682032188186298,0.3714743587308003,4,1.2573268297742066,1.0468745405929352,0.2088189349582821,0.0,0.0,0.0,0.10358976542063296,0.10522916953764916
461,1,0,1,0.06557128303621235,4.0,24.875001235168646,17.41014799077334,0.1396464201592635,0.35401263864299376,4,1.25185116086577,1.0521358478224672,0.20781373086243665,0.0,0.0,0.0,0.10304341033559675,0.10477032052683993
462,1,0,0,0.06556060147888616,4.0,24.976803100272463,17.49999430213247,0.1224726095890749,0.3366356198848511,4,1.248776907111501,1.0571287306485497,0.20730497596998745,0.0,0.0,0.0,0.10304286342113168,0.10426211254885578
463,1,0,0,0.06647825851752,4.0,24.805290537916864,17.405763065823407,0.11151020235424179,0.3259189797428222,4,0.7961761363954636,1.0619199350601234,0.13007428426117176,0.0,0.0,0.0,0.06577444340899868,0.06429984085217308
464,1,2,1,-0.2337295361630274,3.7662704638369724,24.70924299246255,17.335262328286383,0.09884454924465602,0.48830357701602006,4,0.8887280571021632,1.0552763400935068,0.14617245656139397,0.45551387845693336,0.0,5.551115123125783e-17,0.07599391865751462,0.07017853790387935
465,1,1,1,-0.23446242051554272,3.53180804332143,24.826979119430057,17.431593603767574,0.331388961150166,0.4707732764201112,4,1.2651800354674285,1.0511126330187233,0.20991533214239355,0.0,0.0,0.0,0.10473352856694021,0.10518180357545333
466,1,0,1,0.06666096003276821,3.598469003354198,24.597919197710326,17.328696656519135,0.32188388547970714,0.4603038818369955,4,0.7245074491117635,1.056464318079941,0.11984682152144774,0.0,0.0,0.0,0.05703045402275325,0.06281636749869449
467,1,0,1,0.06642625444576762,3.6648952577999654,24.43850418042138,17.252270236764286,0.31080830202212345,0.4490875453117287,4,0.8123239593119388,1.0481653963557367,0.13375151989710296,0.0,0.0,0.0,0.06645350074550174,0.06729801915160119
468,1,0,1,0.06648563236272156,3.731380890162687,24.28406753616153,17.167841717479988,0.29978566083065533,0.4381799761803847,4,0.803404196885499,1.0422693604296418,0.13158126193687206,0.0,0.0,0.0,0.06613584714880877,0.06544541478806329
469,1,0,1,0.06557514014619784,3.7969560303088845,24.420315457903975,17.26953503923815,0.28214515917746036,0.420612108082798,4,1.2742389748416425,1.0362977313410382,0.21125021850469067,0.0,0.0,0.0,0.10584300991916999,0.10540720858552063
470,1,0,1,0.06621674531015735,3.863172775619042,24.354038943196436,17.215982240838237,0.2690205540497868,0.4084341646927012,4,0.9224169493211,1.0422462624285531,0.15181529110662118,0.0,0.0,0.0,0.07874763076604104,0.07306766034058013
471,1,0,1,0.06636536646784154,3.9295381420868836,24.23264897254436,17.151972752476947,0.2572085016778432,0.3968175774225675,4,0.8538510705875039,1.0392505296008667,0.14057183785246452,0.0,0.0,0.0,0.07087231423166199,0.06969952362080256
472,1,0,1,0.06557503582645692,3.9951131779133404,24.368646201597176,17.255199444271554,0.23960902941539053,0.37922981831083336,4,1.2738394639729567,1.0346155431255326,0.21112338824512084,0.0,0.0,0.0,0.10559683357471587,0.10552655467040493
473,1,0,1,0.06558795246424845,4.0,24.49413135238624,17.351539730064985,0.22217677437850902,0.36176696696077765,4,1.2624215777292134,1.0405961411467184,0.20937063832162336,0.0,0.0,0.0,0.10459353022128878,0.10477710810033455
474,1,0,1,0.06634922549831714,4.0,24.376522066405496,17.280121888044437,0.2101905527471616,0.3502839388696108,4,0.8571146490599872,1.0461417770612809,0.14081549833508564,0.0,0.0,0.0,0.07191732978808457,0.06889816854700109
475,1,0,1,0.06558491084337818,4.0,24.500562022550753,17.376450498686058,0.1927911776389398,0.3328140943911018,4,1.2617846656481293,1.0414160988612484,0.20921531752038475,0.0,0.0,0.0,0.10439625064933108,0.10481906687105366
476,1,0,1,0.06625214714160112,4.0,24.419795449809197,17.311619675799882,0.17995025383468713,0.3209710541309644,4,0.9013279174031874,1.0469253130309204,0.1481037843863401,0.0,0.0,0.0,0.07704554282551572,0.07105824156082438
477,1,1,1,-0.23370710310991938,3.7662928968900804,24.330021517840443,17.245445065986626,0.4173737066841216,0.30923582382703385,4,0.8873368363582154,1.0432853781402271,0.14587066472697635,0.0,0.0,0.0,0.07545928290339313,0.07041138182358322
478,1,2,1,-0.2335828731576391,3.532710023732441,24.190259254538535,17.17713096431909,0.40603238277975845,0.48844254662745,4,0.831310299626234,1.0393866645956769,0.13739266366147893,0.35541494296220333,0.0,5.551115123125783e-17,0.06804794342617904,0.06934472023529988
479,1,0,1,0.06553722568330528,3.5982472494157465,24.338038214658393,17.283692876569845,0.3881808599473993,0.47072992526635576,4,1.2885256278420503,1.0341847554714407,0.21338486516072025,0.0,0.0,0.0,0.10710913699415506,0.1062757281665652
480,1,1,1,-0.23447457956397705,3.3637726698517696,24.47946721621896,17.38455267107508,0.48221145789866443,0.45311926502370065,4,1.2828320733465117,1.040543277280706,0.21239521406394446,0.8290851596843958,0.0,5.551115123125783e-17,0.10673125260801362,0.1056639614559308
481,1,0,1,0.06690451815718652,3.430677188008956,24.21857641320215,17.261257011445185,0.47374942630113065,0.4433589955590686,4,0.6624140345356442,1.046600497182351,0.10933380637299517,0.0,0.0,0.0,0.05077218958520231,0.058561616787792856
482,1,0,1,0.06650263955690161,3.4971798275658577,24.061412046548092,17.177774067746647,0.46291741729285274,0.43237226732516865,4,0.7963485252635907,1.0369958356161832,0.13091242345306672,0.0,0.0,0.0,0.0649920540496676,0.06592036940339913
483,1,2,1,-0.23443368204427917,3.2627461455215787,24.210639850258207,17.2816812382822,0.4451086592829092,0.4823711883737562,4,1.284114627103036,1.0309796528573685,0.21262541781712418,1.0942336039510123,0.0,5.551115123125783e-17,0.10685254805966138,0.10577286975746282
484,1,0,1,0.06650513019955423,3.3292512757211328,24.056783603976434,17.195179376334146,0.4342055503249664,0.4714612958993256,4,0.7969499189836815,1.0373080272135105,0.13087800859424023,0.0,0.0,0.0,0.06541865374765707,0.06545935484658316
485,1,0,1,0.06554386103064849,3.3947951367517812,24.212523327231615,17.299283920008435,0.4162424038122672,0.45381800052788646,4,1.2911433414372293,1.0312990745077646,0.21363865130483015,0.0,0.0,0.0,0.10777887907619499,0.10585977222863518
486,1,0,1,0.06641332458816038,3.4612084613399414,24.076047591715515,17.229544155058644,0.40488281304138335,0.44230442543991116,4,0.8315796807151138,1.0377951811810013,0.1372389951531545,0.0,0.0,0.0,0.06815754462530256,0.06908145052785193
487,1,0,0,0.06555582463554901,3.5267642859754904,24.225655648613312,17.3317979909381,0.38705169890358276,0.4246909354053741,4,1.2845016864466101,1.0326397936693539,0.2126676250340255,0.0,0.0,0.0,0.1069866848268038,0.1056809402072217
488,1,0,0,0.06697626044743873,3.593740546422929,23.974028508084622,17.197724049806126,0.37861463784571897,0.4154332270798858,4,0.6532352593281161,1.0389363409887855,0.1061686163001123,0.0,0.0,0.0,0.05062236634718254,0.05554624995292976
489,1,0,1,0.0664115476506624,3.6601520940735917,23.855304659624707,17.131976992429706,0.36696977610417886,0.4038722610784668,4,0.8448229081109333,1.0292938139472687,0.13923496645775532,0.0,0.0,0.0,0.06986917044924082,0.06936579600851453
490,1,0,1,0.06655350675606352,3.7267056008296553,23.70282482571035,17.04668510994722,0.35620948121030765,0.39303987136592083,4,0.7869103249045233,1.0246820413013604,0.12955610763850278,0.0,0.0,0.0,0.06456176936322737,0.06499433827527544
491,1,0,1,0.0656047554300611,3.7923103562597165,23.863624967572072,17.154324302312368,0.338335275370679,0.37539373020516065,4,1.2871770826183067,1.0187377483914395,0.21312208200233304,0.0,0.0,0.0,0.10724523503777228,0.10587684696456076
492,1,0,0,0.06643695169113623,3.8587473079508525,23.74496026247463,17.085490523200345,0.3267607997235203,0.3639498890468491,4,0.8379502475376464,1.0254487317471113,0.13810990083282182,0.0,0.0,0.0,0.06944685388295203,0.06866304694986979
493,1,0,1,0.06642667272349567,3.925173980674348,23.641171910540372,17.018225723154544,0.31489774031235296,0.3525031148458939,4,0.8497081176618084,1.0207612696418744,0.1398590016727347,0.0,0.0,0.0,0.07117835646700398,0.06868064520573076
494,1,0,1,0.06644540264051167,3.9916193833148594,23.54044805615142,16.948745300752023,0.3030420335503117,0.34113699982004686,4,0.8462806640509036,1.0164849408423726,0.13933093072733013,0.0,0.0,0.0,0.07113424057224771,0.0681966901550824
495,1,0,1,0.06640314226933497,4.0,23.457257504696372,16.88799331770133,0.29081614888557905,0.3295333022677643,4,0.8682872994168425,1.0122298339225861,0.14297749330209095,0.0,0.0,0.0,0.0733553079883956,0.06962218531369535
496,1,0,1,0.06615668167506543,4.0,23.4794767488245,16.85971697899444,0.276207767905742,0.3167391071860404,4,1.0025741759811881,1.0086312705599425,0.16441545636936555,0.0,0.0,0.0,0.08765028587902235,0.07676517049034323
497,1,0,1,0.06568503463173285,4.0,23.632795605771577,16.96360550324119,0.25864729479190185,0.29934909115075675,4,1.2656872243893016,1.0084798431954738,0.20970293489474337,0.0,0.0,0.0,0.10536283868304086,0.10434009621170245
498,1,0,1,0.06567441998687795,4.0,23.77864995377384,17.063194562172043,0.24117395365743546,0.2820147592464689,4,1.2603534346584297,1.0149100277253191,0.20884603823252526,0.0,0.0,0.0,0.10484004680679831,0.10400599142572695
499,1,0,1,0.06617336338050918,4.0,23.776620994957984,17.024266289856676,0.22693979330244704,0.26946912054853117,4,0.9800888817674271,1.021046112898647,0.1606787943175569,0.0,0.0,0.0,0.08540496212993076,0.07527383218762614
500,1,0,1,0.0660722565150407,4.0,23.81310971141792,17.000315643649095,0.21183043984857172,0.25637359246170016,4,1.032560252372719,1.0200221821203665,0.16922928924423825,0.0,0.0,0.0,0.09065612072325172,0.07857316852098652
501,1,0,1,0.06567134246528909,4.0,23.951261084057965,17.095858612725124,0.19443149985906097,0.23916863238593258,4,1.2540299755927495,1.0203356338766754,0.20762340039166977,0.0,0.0,0.0,0.10439363993706449,0.10322976045460526
502,1,0,1,0.06566303781907881,4.0,24.08310588315617,17.18696544337117,0.1770994683988731,0.2220226524413681,4,1.2491296221638288,1.0261779924195773,0.20686806842851407,0.0,0.0,0.0,0.10399218876112726,0.10287587966738682
503,1,0,1,0.06610567822797028,4.0,24.094619572788233,17.14586159325256,0.16239292812247114,0.20936519818420574,4,1.0021616226766388,1.0317517831631835,0.16418396720138623,0.0,0.0,0.0,0.08823924165841189,0.07594472554297432
504,1,0,1,0.06567041699852333,4.0,24.215886573817095,17.231521466731024,0.14522554047000616,0.19236390942159584,4,1.237938903658344,1.0310120291510199,0.205012058490449,0.0,0.0,0.0,0.10300432591478982,0.10200773257565922
505,1,0,1,0.06566188398979668,4.0,24.331309713429683,17.312416193564804,0.12812998223729707,0.1754398021468143,4,1.2325030674600712,1.036185201013703,0.20411799304494388,0.0,0.0,0.0,0.10257334939625455,0.10154464364868931
506,1,0,1,0.06568640116088928,4.0,24.434332104480536,17.384364630732115,0.11125798588093257,0.1587408774475992,4,1.2160639758930234,1.0410931476748622,0.2014255263334776,0.0,0.0,0.0,0.10123197813818703,0.10019354819529058
507,1,0,1,0.06568692866115866,4.0,24.52983926905376,17.45533652079271,0.09450158992214529,0.1420372809777148,4,1.2119464730141365,1.045467418380316,0.20075995457203016,0.0,0.0,0.0,0.10053837575272367,0.1002215788193065
508,1,0,1,0.06570977660801561,4.0,24.612067857246718,17.51668702643566,0.07800993332754412,0.1255793561596034,4,1.1932084885820675,1.049629394746162,0.1976974884762754,0.0,0.0,0.0,0.098949939567607,0.09874754890866844
509,1,0,1,0.06569089638307427,4.0,24.69715675112665,17.5798298775658,0.061397474468884244,0.10902459012527792,4,1.2014506171021346,1.0532188720920592,0.199003349357912,0.0,0.0,0.0,0.09967475315195923,0.09932859620595279
510,1,0,1,0.06573161972819083,4.0,24.76484572287884,17.631176168525997,0.0451530476705834,0.09279546082681021,4,1.1759599284296969,1.0569246657173113,0.19484133658061115,0.0,0.0,0.0,0.097466560789805,0.09737477579080614
511,1,0,1,0.06595514368824741,4.0,24.794034422954457,17.5905231471358,0.029710575811870546,0.07959315565069941,4,1.048436225970544,1.059900547285121,0.1718686622089421,0.0,0.0,0.0,0.0926548311522772,0.07921383105666491
512,1,0,1,0.06577997586331767,4.0,24.851897403887172,17.628218166935497,0.013658214219231107,0.06382129767128573,5,1.1551719399846658,1.0596139392522566,0.19094531743231855,0.0,0.0,0.0,0.0963141695558366,0.09463114787648196
513,1,0,0,0.06576794260951634,4.0,24.74557574664008,17.659644722801808,0.0023713606828460634,0.04834077646692775,5,0.9871077878897825,1.0620028892705666,0.16060424844445823,0.0,0.0,0.0,0.09579994423707126,0.09547829126867985
514,1,0,1,0.0657956121729381,4.0,24.231904471469882,17.55798086519141,0.0,0.03835333576497406,5,0.4447953789554549,1.0601305117360473,0.07415280830879849,0.0,0.0,0.0,0.09663632699052858,0.0939409636583207
515,1,0,1,0.06590249397026891,4.0,23.626106859683137,17.41015555389752,0.0,0.029707427019816546,5,0.2911242103358961,1.0447471334165324,0.051875452470945084,0.0,0.0,0.0,0.09659167487164373,0.08407691630282799
516,1,0,1,0.06590514384460691,4.0,23.035454188191057,17.187416685359796,0.0,0.02321416358257684,5,0.21251502030971514,1.0259065603395165,0.03895958062343823,0.0,0.0,0.0,0.09909015962528586,0.08673811328380764
517,1,0,1,0.06593810512543732,4.0,22.45956783348628,16.929596313237436,0.0,0.017862105938488457,5,0.1718650450116357,1.0055717718387713,0.0321123458645303,0.0,0.0,0.0,0.1007310259806531,0.08804330184644284
518,1,0,1,0.0659839219837626,4.0,21.898078637649125,16.62494493624657,0.0,0.01399801055675428,5,0.11858853084007062,0.984729103668093,0.02318457229040507,0.0,0.0,0.0,0.10206700647161898,0.08847768610939273
519,1,0,1,0.06603816905723368,4.0,21.350626671707893,16.331738158795275,0.0,0.010046825733835222,5,0.12241684595486577,0.9630755893473925,0.023707108937514352,0.0,0.0,0.0,0.10233960107832249,0.08893920706933271
520,1,0,1,0.06607437371070954,4.0,20.8168610049152,16.009119357101874,0.0,0.007969301962445012,5,0.08567465227648076,0.9420591207625794,0.012465142628341258,0.0,0.0,0.0,0.10244661360387847,0.09350389371502663
521,1,0,1,0.06612259982985395,4.0,20.29643947979232,15.69058060643064,0.0,0.006024320218247087,5,0.08168923325631285,0.9206495090504268,0.011669890465187549,0.0,0.0,0.0,0.10268772692471498,0.09402914014797026
522,1,0,1,0.06620167499835564,4.0,19.789028492797513,15.377594204168942,0.0,0.00413674610160258,5,0.0792781128990693,0.8996755021555739,0.011325444699867043,0.0,0.0,0.0,0.10222924372977625,0.0925003259663738
523,1,0,1,0.06625585202437773,4.0,19.294302780477572,15.071646959376634,0.0,0.00226787442750932,5,0.0784926103119169,0.8791655674241614,0.011213230044559557,0.0,0.0,0.0,0.10130369058463211,0.09315807650834915
524,1,0,1,0.06629322582765478,4.0,18.811945210965632,14.757166090375595,0.0,0.0007842957374289862,5,0.06231030498337402,0.8591487434963552,0.008901472140482003,0.0,0.0,0.0,0.10411815425312212,0.08922586535280247
525,1,0,1,0.06635031026755034,4.0,18.341646580691492,14.421177359088222,0.0,0.0,5,0.03294042097201742,0.8392277825335308,0.004705774424573917,0.0,0.0,0.0,0.10373681278620156,0.08877988274630774
526,1,0,0,0.06639366914525661,4.0,17.883105416174203,14.060647925111017,0.0,0.0,5,0.0,0.8190705984944929,0.0,0.0,0.0,0.0,0.10409074000504093,0.08881957306978343
527,1,0,1,0.06649311321434018,4.0,17.436027780769848,13.709131726983241,0.0,0.0,5,0.0,0.7985938335321305,0.0,0.0,0.0,0.0,0.0992667720088488,0.08967355904097873
528,1,0,1,0.0665163843019941,4.0,17.000127086250604,13.36640343380866,0.0,0.0,5,0.0,0.7786289876938274,0.0,0.0,0.0,0.0,0.10239318237739259,0.08616742129006015
529,1,2,1,-0.23340862212993274,3.7665913778700673,16.575123909094337,13.458440407482632,0.0,0.2358326426586138,5,0.4261970595191885,0.7591632630014816,0.08500414404831723,0.0,0.0,0.0,0.10077861745267346,0.08500414404831723
530,1,0,1,0.06656751542063422,3.8331588932907015,16.16074581136698,13.554768642341994,0.0,0.22142090384397026,5,0.43278924504642946,0.7508391079144243,0.08647043288786128,0.0,0.0,0.0,0.10225025361856407,0.08647043288786128
531,1,0,1,0.06658304201642003,3.8997419353071217,15.756727166082806,13.644139651550098,0.0,0.20715210327816028,5,0.4282402252666541,0.7428878613427244,0.08561280339485976,0.0,0.0,0.0,0.10234840214915307,0.08561280339485976
532,1,0,1,0.06661631286845164,3.9663582481755735,15.362808986930737,13.728049098782261,0.0,0.1929801241474678,5,0.42501293852091543,0.7350216704408227,0.08503187478415489,0.0,0.0,0.0,0.10149189492559725,0.08503187478415489
533,1,0,1,0.0666181930261623,4.0,14.978738762257468,13.809489301815354,0.0,0.17881117530208268,5,0.42464143050264846,0.727271452142825,0.08501369307231085,0.0,0.0,0.0,0.10172631928216432,0.08501369307231085
534,1,0,0,0.06663849365596104,4.0,14.60427029320103,13.886997909804947,0.0,0.16472610328782658,5,0.4227458405349762,0.7197057016018206,0.08451043208553674,0.0,0.0,0.0,0.10146798790231344,0.08451043208553674
535,1,0,1,0.0666600798961449,4.0,14.239163535871004,13.961147209393861,0.0,0.15069367531066927,5,0.42132424733403845,0.7122817050751494,0.08419456786294385,0.0,0.0,0.0,0.1007945078388153,0.08419456786294385
536,1,0,1,0.06665965182187923,4.0,13.883184447474228,14.05323863101774,0.0,0.13608297595243402,5,0.44112010185872463,0.7050077686316217,0.08766419614941132,0.0,0.0,0.0,0.09857168670208946,0.08766419614941132
537,1,0,1,0.06668577427074335,4.0,13.536104836287373,14.13868778279781,0.0,0.12162602859102743,5,0.4367801175555136,0.6984105769622992,0.08674168416843969,0.0,0.0,0.0,0.09776186926295177,0.08674168416843969
538,1,1,1,-0.2332533374816975,3.7667466625183024,13.884820198132001,14.193193753665533,0.23366740806942266,0.10802147210679831,5,1.0950911481894816,0.6918698154771297,0.1796228904888386,0.0,0.0,0.0,0.09799555158346411,0.08162733890537449
539,1,0,1,0.06662366773802574,3.833370330256328,14.236036734117162,14.279896351060506,0.21704944985668226,0.09342859386588935,5,1.1398694821750723,0.7019503487949383,0.18726501872189621,0.0,0.0,0.0,0.09970774927644238,0.0875572694454538
540,1,0,1,0.06660605914323249,3.8999763893995607,14.580509367400824,14.363794728558705,0.20037798599203968,0.07886901831156022,5,1.1412693379113024,0.7128983271294418,0.1873862365138301,0.0,0.0,0.0,0.10002878318785521,0.08735745332597489
541,1,0,1,0.06660951499943821,3.966585904398999,14.930121780031161,14.426409308475694,0.1833841066581333,0.06482295024770363,5,1.1358345949463158,0.7236076023989882,0.1862396843865779,0.0,0.0,0.0,0.10196327600343841,0.08427640838313952
542,1,0,1,0.06656079522179023,4.0,15.262531705537492,14.510422630761155,0.16659947172278847,0.050109644187998875,5,1.1503365250044613,0.7339132772126715,0.1889876459702975,0.0,0.0,0.0,0.10070780961206904,0.08827983635822846
543,1,0,0,0.06656809802776914,4.0,15.599180794510279,14.546726127934061,0.14950581469270716,0.037331455664435576,5,1.1172764445531596,0.7443238584074662,0.1792310733218677,0.0,0.0,0.0,0.10256194218048786,0.0843758675857807
544,1,0,1,0.06653324193447965,4.0,15.931644152768332,14.53985441068139,0.13231355982338858,0.026565050743452515,5,1.0792393140664902,0.7536476730611085,0.16775195874180984,0.0,0.0,0.0,0.10315352921591145,0.08524835015153336
545,1,0,1,0.06651615206744696,4.0,16.25738414881495,14.407639157972472,0.11508237071480899,0.019620284735001516,5,0.9553122074239446,0.7617874640862431,0.14505573070218358,0.0,0.0,0.0,0.10338713465147759,0.0859436585680272
546,1,0,1,0.06653101474954512,4.0,16.55226695323481,14.176800699489576,0.09840827385422957,0.015587436927338211,5,0.8306699286066482,0.7666255826696856,0.12424166800945644,0.0,0.0,0.0,0.10004458116347661,0.08806872000324516
547,1,0,1,0.06655098231890959,4.0,16.83299462858578,13.944094870365637,0.08189392264833159,0.011813240059718117,5,0.8162485375451405,0.7682266913181097,0.12173128844110834,0.0,0.0,0.0,0.09908610723538777,0.08772422847599468
548,1,0,1,0.06655513127049516,4.0,17.10341063191575,13.6669962876481,0.06545939196773158,0.010110768892060884,5,0.7627446580862193,0.7694272374737854,0.10882201108954345,0.0,0.0,0.0,0.09860718408360006,0.08785893592687312
549,1,0,1,0.06651305239209343,4.0,17.394453808230935,13.392354247655106,0.048341539055888984,0.008514748244484501,5,0.7856613093112889,0.7692601729890963,0.11228324135651387,0.0,0.0,0.0,0.10270711747105557,0.08746595601972289
550,1,0,1,0.06659559838266589,4.0,17.638955502625045,13.127257476193808,0.03217559720943391,0.006854936703292146,5,0.7490751243299582,0.7696702013971511,0.10695452032588458,0.0,0.0,0.0,0.09699565107873045,0.08665638747817837
551,1,1,0,-0.2333925748043546,3.7666074251956454,17.87306965793299,12.868522536604761,0.26610657663589954,0.0052014486719636245,5,0.7445345401893722,0.7691553244704714,0.10633505162917749,0.0,0.0,0.0,0.09641412344120635,0.08631299178586231
552,1,0,0,0.06657283199102315,3.8331802571866684,18.10505693194021,12.618119366642464,0.24993453246060038,0.003503594065944042,5,0.7501239089083682,0.7685398048634438,0.10721939268791238,0.0,0.0,0.0,0.09703226505179488,0.08688519490130725
553,1,0,1,0.06660488035393017,3.8997851375405985,18.320258722688862,12.372294214245139,0.2340282842548257,0.00184578854764078,5,0.7374560458158907,0.768079407464567,0.10538432234446772,0.0,0.0,0.0,0.09543748923464815,0.08604280657422086
554,1,0,1,0.06664643917759076,3.9664315767181892,18.519946493346758,12.131762735847266,0.21836285409231695,0.00020826766768232015,5,0.7264701156833744,0.76731382342335,0.10381770625480312,0.0,0.0,0.0,0.09399258097505236,0.0846334247486467
555,1,0,1,0.06655623853574635,4.0,18.753107797272673,11.837215909493741,0.20173827788380758,0.0,5,0.7049072083022417,0.7662927307298507,0.10099706325715035,0.0,0.0,0.0,0.09974745725105644,0.08678920541097405
556,1,0,1,0.06656564943370022,4.0,18.980399328609373,11.5412855117564,0.18511630280047717,0.0,5,0.6961192262685149,0.7647580926691604,0.09973185049998232,0.0,0.0,0.0,0.09973185049998232,0.08602685304848469
557,1,0,1,0.06670865629389995,4.0,19.147783525069894,11.252753373962488,0.16983000027269446,0.0,5,0.6418941796757571,0.7630421210091443,0.09171781516669622,0.0,0.0,0.0,0.09171781516669622,0.0810800956671419
558,1,0,1,0.06661499062237487,4.0,19.346793874368483,10.971434539613426,0.15363427486854894,0.0,5,0.6777049374253379,0.7600134224758096,0.09717435242487316,0.0,0.0,0.0,0.09717435242487316,0.08468603718841015
559,1,0,1,0.06661878449460443,4.0,19.540640746076747,10.697148676123092,0.1374360589477667,0.0,5,0.6775167185674749,0.7579557103495478,0.09718929552469338,0.0,0.0,0.0,0.09718929552469338,0.08387531063895648
560,1,0,1,0.06674968683219171,4.0,19.680689820135438,10.429719959220014,0.12247726692319384,0.0,5,0.628565092710611,0.755944735554996,0.08975275214743715,0.0,0.0,0.0,0.08975275214743716,0.07852703365169937
561,1,0,1,0.06665989681619645,4.0,19.853051946775786,10.168976960239513,0.10658453051523585,0.0,5,0.6643793721437337,0.7527602444838863,0.09535641844774807,0.0,0.0,0.0,0.09535641844774806,0.08264779651471073
562,1,0,1,0.06666867268562798,4.0,20.01662053882605,9.914752536233525,0.09079020038347112,0.0,5,0.6598948907196571,0.7505507226753825,0.09476598079058832,0.0,0.0,0.0,0.09476598079058832,0.08166229353440035
563,1,0,1,0.0668242693018001,4.0,20.12419958731205,9.666883722827688,0.07632776095092814,0.0,5,0.6079945619566528,0.7482843268764894,0.08677463659525783,0.0,0.0,0.0,0.08677463659525783,0.07486447769531732
564,1,0,1,0.06670346454051104,4.0,20.271761893752107,9.425211629756994,0.06074861419573768,0.0,5,0.6506672961228589,0.7447770827534934,0.09347488053114283,0.0,0.0,0.0,0.09347488053114283,0.07964681556796183
565,1,0,1,0.06686275553370002,4.0,20.359764897077483,9.18958133901307,0.04661487850609925,0.0,5,0.5947970506691769,0.7424243380877276,0.08480241413783049,0.0,0.0,0.0,0.0848024141378305,0.0725809910128347
566,1,0,1,0.06689641452447091,4.0,20.435548149047193,8.959841805537742,0.0327243510445115,0.0,5,0.58477737439665,0.7387336559022638,0.08334316476952655,0.0,0.0,0.0,0.08334316476952655,0.07089156273881903
567,1,0,0,0.06674556842209332,4.0,20.56336642309516,8.735845760399298,0.01741797820228297,0.0,5,0.6387069777741461,0.7348847488646235,0.09183823705337117,0.0,0.0,0.0,0.09183823705337114,0.07685804610428283
568,1,0,1,0.06678017350689261,4.0,20.51957856438247,8.517449616389317,0.006287425773150866,0.0,5,0.4702963018646898,0.7324803045873616,0.06678331457479261,0.0,0.0,0.0,0.09053421336100487,0.0752470500452908
569,1,0,1,0.06680157170504594,4.0,20.238640436829115,8.304513375979585,0.0009543137481154811,0.0,5,0.23205133655620463,0.7259257045192947,0.03199867215021232,0.0,0.0,0.0,0.09022279905167208,0.07449186445409035
570,1,1,1,-0.2329734901311116,3.7670265098688884,20.298202163743298,8.096900541580094,0.2374991224129932,0.0,5,0.565527737834914,0.7135788453202174,0.08073114801073362,0.0,0.0,0.0,0.08073114801073364,0.06544508900864122
571,1,0,1,0.06689619891653854,3.833922708785427,20.396327329740785,7.894478028040593,0.2229697686600561,0.0,5,0.6055802200910669,0.7098775676330848,0.08717612251762275,0.0,0.0,0.0,0.08717612251762273,0.07084027791234428
572,1,0,1,0.06707843795868752,3.9010011467441146,20.43726777478872,7.697116077339578,0.20983691397308313,0.0,5,0.5508486282914526,0.7072701339445344,0.07879712812183783,0.0,0.0,0.0,0.07879712812183781,0.062483128453929095
573,1,0,1,0.06711609947604007,3.968117246220155,20.465967100117414,7.504688175406088,0.1969852732112435,0.0,5,0.5396310196984129,0.7033595963032074,0.07710984457103764,0.0,0.0,0.0,0.07710984457103764,0.06034935644849427
574,1,0,0,0.06693294078019627,4.0,20.553397838072637,7.317070971020936,0.18260058472134555,0.0,5,0.5990799154581601,0.6992663818880875,0.08630813093938774,0.0,0.0,0.0,0.08630813093938774,0.06843858281419041
575,1,0,1,0.06715266298665118,4.0,20.57186080089949,7.134144196745412,0.16992067915715012,0.0,5,0.532297908778669,0.6967617202273394,0.07607943338517284,0.0,0.0,0.0,0.07607943338517284,0.05837481013808082
576,1,0,1,0.06697532192752786,4.0,20.645873197902123,6.955790591826776,0.15579084157634338,0.0,5,0.5883089170251168,0.6926501249411227,0.08477902548484036,0.0,0.0,0.0,0.08477902548484036,0.0655810073934658
577,1,0,1,0.06718070690261883,4.0,20.654098511250403,6.781895827031107,0.14330109338511857,0.0,5,0.524372143295834,0.6900415947432225,0.07493848914734871,0.0,0.0,0.0,0.07493848914734873,0.0567648856879247
578,1,0,1,0.06721387602907938,4.0,20.654745151033925,6.612348431355329,0.1309940942304452,0.0,5,0.5169991025647823,0.6858998584570378,0.07384199492804042,0.0,0.0,0.0,0.07384199492804042,0.055435809503846016
579,1,0,1,0.06723532429169868,4.0,20.65310895209144,6.447039720571446,0.11873125962507158,0.0,5,0.5147324298333619,0.6816773395597315,0.07357700763224144,0.0,0.0,0.0,0.07357700763224144,0.054037009608352005
580,1,0,1,0.06705234545410445,4.0,20.709976466925195,6.28586372755716,0.10495459527429962,0.0,5,0.5731952386360425,0.6775037168165722,0.0826599861046318,0.0,0.0,0.0,0.08265998610463178,0.060993332341030854
581,1,0,1,0.06708920546247928,4.0,20.75566755079069,6.128717134368232,0.09141004421062719,0.0,5,0.563440495538624,0.6748960048620589,0.08126730638203472,0.0,0.0,0.0,0.08126730638203472,0.05993353834028413
582,1,1,1,-0.23289990920131598,3.7671000907986842,20.796676156269175,5.975499206009026,0.3279486568551346,0.0,5,0.5599002942482535,0.6721096171289731,0.08076832413295561,0.0,0.0,0.0,0.08076832413295561,0.058633814704182295
583,1,0,1,0.06730008129439988,3.8344001720930843,20.774971002635034,5.8261117258588,0.31607250349459187,0.0,5,0.4982117502725908,0.669304384056955,0.07125692016325579,0.0,0.0,0.0,0.07125692016325579,0.05047014510298599
584,1,0,1,0.06730775749489334,3.9017079295879777,20.75141842478304,5.680458932712329,0.3042521252856613,0.0,5,0.4958216972138787,0.665027068212346,0.07092226925358339,0.0,0.0,0.0,0.07092226925358339,0.050079799933131476
585,1,0,1,0.06734434746792098,3.9690522770558987,20.722634335932714,5.538447459394522,0.29256496116248454,0.0,5,0.49000137176924974,0.6607969339373843,0.07012298473906112,0.0,0.0,0.0,0.07012298473906112,0.048688553917155555
586,1,0,1,0.0671713847619998,4.0,20.74923599983512,5.399986272909659,0.2794720289487102,0.0,5,0.5446675223007227,0.6565270448831809,0.07855759328264612,0.0,0.0,0.0,0.07855759328264612,0.0551144837761687
587,1,0,1,0.0671702906740259,4.0,20.775797950037493,5.264986616086917,0.2663518617254969,0.0,5,0.5452928501982528,0.6537305568186195,0.07872100333927964,0.0,0.0,0.0,0.07872100333927963,0.05451081259564841
588,1,0,1,0.06740218356484788,4.0,20.733062396509744,5.133361950684744,0.2549868908476537,0.0,5,0.4766593952231899,0.6510196141531103,0.06818982526705913,0.0,0.0,0.0,0.06818982526705913,0.04564383028002442
589,1,0,0,0.06741762231144041,4.0,20.68890659507303,5.005027901917625,0.24368242482237737,0.0,5,0.47417075847602685,0.6466606086798623,0.06782679615165793,0.0,0.0,0.0,0.06782679615165792,0.04521979946040386
590,1,0,1,0.06723826168503265,4.0,20.703627791043907,4.879902204369685,0.23088054725833854,0.0,5,0.5319438608477038,0.6423483624247663,0.07681126538423318,0.0,0.0,0.0,0.07681126538423318,0.05122633189069035
591,1,0,1,0.06746897006978542,4.0,20.65013815778358,4.757904649260443,0.2198234804220397,0.0,5,0.46410106151576874,0.6395882498853398,0.06634240101779283,0.0,0.0,0.0,0.06634240101779283,0.04318395361342729
592,1,0,1,0.06726641413496738,4.0,20.661081783535092,4.638957033028932,0.20713435782879971,0.0,5,0.5271970796961059,0.6352010701761004,0.0761347355594401,0.0,0.0,0.0,0.07613473555944009,0.04937327591724394
593,1,0,1,0.06729026680553979,4.0,20.665754702786817,4.522983107203209,0.19458284338927442,0.0,5,0.5211999638401024,0.6325009704141007,0.07530908663715191,0.0,0.0,0.0,0.07530908663715191,0.048587169560071246
594,1,0,1,0.06750885248618937,4.0,20.6023910245327,4.409908529523129,0.18378220389528413,0.0,5,0.4532801893155557,0.6297184452497507,0.06480383696394157,0.0,0.0,0.0,0.06480383696394157,0.04110266931254396
595,1,0,1,0.06731498302530899,4.0,20.6037650998466,4.2996608162850505,0.17135103167112922,0.0,5,0.5164338509272135,0.6253074888513959,0.07458703334492922,0.0,0.0,0.0,0.07458703334492922,0.047469802068158484
596,1,0,1,0.06733830817132448,4.0,20.59917920311415,4.192169295877924,0.15906014283779785,0.0,5,0.5105082307637143,0.6225856479032912,0.0737453329999884,0.0,0.0,0.0,0.07374533299998841,0.046485836441140384
597,1,0,1,0.06759265661829632,4.0,20.515746886981375,4.087365063480975,0.14878697860896992,0.0,5,0.4315471639450791,0.6197837124748018,0.06163898537296752,0.0,0.0,0.0,0.06163898537296752,0.038630246892550596
598,1,0,1,0.06760323233289042,4.0,20.433722720361402,3.9851809368939515,0.1385201362883468,0.0,5,0.4308695055545614,0.6150777987615588,0.06160105392373878,0.0,0.0,0.0,0.06160105392373878,0.038458909516155645
599,1,1,1,-0.23238810681887598,3.767611893181124,20.3545668502909,3.8855514134716023,0.37823623024635644,0.0,5,0.43168719793853666,0.6104725914313838,0.06170343625194226,0.0,0.0,0.0,0.061703436251942266,0.037959762855344865
600,1,0,1,0.06759389510881234,3.8352057882899366,20.28697302208718,3.7884126281348123,0.3677019569086306,0.0,5,0.44127034305354984,0.6060029565940627,0.06320564002635486,0.0,0.0,0.0,0.06320564002635486,0.038300166285125746
601,1,0,1,0.06742355475804081,3.9026293430479773,20.276331028609118,3.6937023124314425,0.35574904088800613,0.0,5,0.4965323320741165,0.6018846412555499,0.07171749612374675,0.0,0.0,0.0,0.07171749612374675,0.04257791328266965
602,1,0,1,0.06743282761576765,3.970062170663745,20.26346439848991,3.601359754620656,0.343854822584818,0.0,5,0.4940416455960204,0.599250833526014,0.07136530981912875,0.0,0.0,0.0,0.07136530981912875,0.04230213854474157
603,1,0,1,0.0676296392420971,4.0,20.192698825146117,3.5113257607551396,0.3334518874424826,0.0,5,0.43582103661845845,0.5966206038277642,0.06241761085401239,0.0,0.0,0.0,0.06241761085401239,0.03729442755777409
604,1,0,1,0.06744517794430777,4.0,20.180435953956028,3.423542616736261,0.32159151333128416,0.0,5,0.49255459943855945,0.5926006146475316,0.07116224466719082,0.0,0.0,0.0,0.07116224466719082,0.0416236383390242
605,1,0,1,0.06765697238219806,4.0,20.105937790128248,3.3379540513178547,0.3113361380384145,0.0,5,0.4300127350211221,0.5900994642673072,0.06153225175721797,0.0,0.0,0.0,0.06153225175721797,0.03624796341777575
606,1,0,1,0.06748639130991246,4.0,20.088639912643426,3.254505200034908,0.299646226383,0.0,5,0.48535056726838294,0.5860972960361526,0.0701394699324871,0.0,0.0,0.0,0.07013946993248711,0.04013005716335507
607,1,0,1,0.06770367647576286,4.0,20.005771046701824,3.1731425700340354,0.2896493698156546,0.0,5,0.4193471318744837,0.5835786278169584,0.05998113940407197,0.0,0.0,0.0,0.05998113940407197,0.03476021338956702
608,1,0,1,0.06769497283772853,4.0,19.928700810000585,3.0938140057831847,0.2795610069638043,0.0,5,0.42307403946630534,0.5794728404183964,0.06053017711110203,0.0,0.0,0.0,0.06053017711110203,0.034945139299581235
609,1,0,1,0.06751445391470103,4.0,19.91196106070018,3.016468655638605,0.2679570866549449,0.0,5,0.48147777094961103,0.5755628703945942,0.0696235218531566,0.0,0.0,0.0,0.0696235218531566,0.038964097325566126
610,1,1,0,-0.2324772746862853,3.767522725313715,19.89478546630771,2.9410569392476402,0.47924131702185296,0.0,5,0.48062343212503267,0.5732107429084696,0.06948265004018425,0.16281196775836693,0.0,5.551115123125783e-17,0.06948265004018425,0.03855689636104982
611,1,0,1,0.06770859583756973,3.8352313211512845,19.818657300067475,2.867530515766449,0.469171525538119,0.0,5,0.42124147041745913,0.5708960601388837,0.060418748902403924,0.0,0.0,0.0,0.060418748902403924,0.03490978952322123
612,1,1,1,-0.23245514518676738,3.602776175964517,19.7972347287372,2.7958422528722875,0.48858400576295535,0.0,5,0.47404386117141434,0.5671546953958481,0.06849596542226775,1.3150291532287142,0.0,0.0,0.06849596542226775,0.037987421515265275
613,1,0,1,0.06754731475423442,3.6703234907187516,19.775307972588035,2.7259461965504803,0.47718881632555127,0.0,5,0.47300411206926396,0.5648269245402373,0.06837113662442476,0.0,0.0,0.0,0.06837113662442476,0.03746487908594606
614,1,1,1,-0.23225214810768435,3.4380713426110674,19.694401111956566,2.657797541636718,0.490118989419577,0.0,5,0.413475838683231,0.5625313542284629,0.05928606348253786,1.3631328979533073,0.0,0.0,0.05928606348253786,0.033522675970396223
615,1,0,0,0.06773106112006907,3.5058024037311366,19.62354357085193,2.5913526030958005,0.4800203337666471,0.0,5,0.4215024866942796,0.5588049663398321,0.06059193391757982,0.0,0.0,0.0,0.06059193391757982,0.033782860882829724
616,1,0,1,0.06777175373168505,3.5735741574628217,19.543936850194285,2.5265687880184053,0.4701807494623868,0.0,5,0.4109818686136498,0.5553724043486933,0.059037505825561803,0.0,0.0,0.0,0.059037505825561803,0.03297896529973172
617,1,0,1,0.06760744196099554,3.6411815994238173,19.519681693459606,2.4634045683179453,0.45899007712231255,0.0,5,0.4643432645201787,0.5517626409553171,0.06714403404044504,0.0,0.0,0.0,0.06714403404044504,0.035508550509656456
618,1,0,1,0.06780318168067417,3.7089847811044914,19.437949105706796,2.4018194541099964,0.4492762811881546,0.0,5,0.4062594545836834,0.5495771565444387,0.05828277560494792,0.0,0.0,0.0,0.058282775604947934,0.03239912705662946
619,1,0,1,0.06762380436422206,3.7766085854687135,19.41476973821708,2.3417739677572467,0.4381279577870221,0.0,5,0.4627693601529517,0.5459942139954199,0.06688994040679477,0.0,0.0,0.0,0.06688994040679476,0.03533013963250366
620,1,1,1,-0.23217682564562994,3.5444317598230834,19.331037334531658,2.2832296185633156,0.49039983019013517,0.0,5,0.4016368397700074,0.5439135926493581,0.05760101885918833,1.1287677467221329,0.0,5.551115123125783e-17,0.057601018859188335,0.03176097250699647
621,1,0,1,0.06765369423966056,3.612085454062744,19.305417812057684,2.2261488780992327,0.4793689823603035,0.0,5,0.4576564108893145,0.5403566738273744,0.06618508697899073,0.0,0.0,0.0,0.06618508697899073,0.03416728916288555
622,1,0,1,0.06782883612686504,3.679914290189609,19.225680454648213,2.170495156146752,0.4697243090156762,0.0,5,0.4028980878919727,0.538289167253923,0.05786804006776359,0.0,0.0,0.0,0.05786804006776358,0.031479022920542374
623,1,0,1,0.06766594507297653,3.7475802352625855,19.20030601896481,2.116232777243083,0.4587522280178013,0.0,5,0.4552675756828045,0.5349043902698742,0.06583248598724951,0.0,0.0,0.0,0.06583248598724951,0.033825284204912806
624,1,0,1,0.06784260959378403,3.8154228448563696,19.12132806589542,2.0633269578120057,0.4491525365795355,0.0,5,0.4010296974047264,0.5329134699051974,0.057598148629594476,0.0,0.0,0.0,0.05759814862959448,0.03154879296804454
625,1,2,1,-0.23231660833708906,3.5831062365192805,19.09644156789379,2.185199536288967,0.4382347067045804,0.2444075570291433,5,0.6266024560680207,0.5296163755926856,0.09906163707487134,0.0,0.0,0.0,0.0655069792497311,0.033554657825140236
626,1,0,1,0.0677951472132233,3.6509013837325037,19.03335099073327,2.2969875148442735,0.4283180815201601,0.23901255969835475,5,0.5807384289993501,0.5320410276045691,0.09186973509125326,0.0,0.0,0.0,0.05949975110652192,0.032369983984731315
627,1,0,1,0.06779413621096322,3.718695519943467,18.96826534493724,2.4093038282863874,0.41848626697531066,0.2335099861302982,5,0.5804891302855257,0.5332584626394385,0.09200632867743576,0.0,0.0,0.0,0.05899088726909653,0.03301544140833923
628,1,0,1,0.06778017244247521,3.786475692385942,18.909767683947916,2.5222178336586145,0.4085401150435016,0.22788806988031327,5,0.5888555737134924,0.5344392293305907,0.0934084090907637,0.0,0.0,0.0,0.05967691159085403,0.03373149749990965
629,1,0,1,0.06778569191331063,3.854261384299253,18.849512849243,2.631691524005886,0.39867169814381587,0.2222735112914662,5,0.5850184935825167,0.5357996379401633,0.0928978529311972,0.0,0.0,0.0,0.05921050139811465,0.033687351533082555
630,1,0,1,0.06759577512782718,3.92185715942708,18.85142199478438,2.758587724370293,0.387281269294181,0.21603397683576572,5,0.6658354552370119,0.5370301093312222,0.1057797798320113,0.0,0.0,0.0,0.06834257309780867,0.03743720673420262
631,1,0,1,0.06775600915141092,3.989613168578491,18.796492440301556,2.8689879777234473,0.3773263894405454,0.21019617223394071,5,0.5957209418491963,0.5402502429788669,0.09475610673276377,0.0,0.0,0.0,0.05972927912181364,0.035026827610950134
632,1,0,1,0.06756528772291699,4.0,18.803794487604257,2.9975774527524743,0.3658402057980596,0.20369293624974272,5,0.6775285327823526,0.5416370104506251,0.10793651776010298,0.0,0.0,0.0,0.06891710185491505,0.039019415905187926
633,1,0,0,0.06775342519738313,4.0,18.74946674427393,3.104508883791193,0.35592385628186124,0.19775525013595038,5,0.5976379862173129,0.5450342985089183,0.095124213779944,0.0,0.0,0.0,0.059498097097189936,0.03562611668275407
634,1,0,1,0.06754507386539017,4.0,18.759691236053655,3.235507960563321,0.34439958900088063,0.19096842592902505,5,0.6875729592534807,0.5463493907016281,0.10986654892743573,0.0,0.0,0.0,0.06914560368588382,0.04072094524155191
635,1,0,1,0.06752077685582762,4.0,18.77328209662583,3.3692021430983123,0.3327911856938605,0.18399268140089733,5,0.6971650230225899,0.5498799799154245,0.11150488701088687,0.0,0.0,0.0,0.06965041984212068,0.0418544671687662
636,1,0,0,0.06770238092712344,4.0,18.725900155377282,3.4763956820668174,0.32272973014115985,0.17773353767688502,5,0.6133737037130583,0.5535621059931035,0.09792359566027822,0.0,0.0,0.0,0.06036873331620393,0.0375548623440743
637,1,0,1,0.06748887616758079,4.0,18.74606249151922,3.6117700005431628,0.31098488864816143,0.1704763329086596,5,0.7105940505543864,0.5550573959361025,0.11401227756734274,0.0,0.0,0.0,0.07046904895799076,0.04354322860935199
638,1,0,1,0.06768142467401096,4.0,18.701178516552275,3.717968760777223,0.3008835746932497,0.16405382943891075,5,0.6202605975686747,0.5589458123015596,0.09914290454796358,0.0,0.0,0.0,0.06060788372947025,0.03853502081849333
639,1,0,1,0.06767838100706391,4.0,18.658931063773935,3.8226532038907144,0.29074135299957454,0.15758692545642428,5,0.6229156722683873,0.5604786819332375,0.09965475405696951,0.0,0.0,0.0,0.06085333016205065,0.03880142389491888
640,1,1,1,-0.23255078069765261,3.7674492193023474,18.68588604134708,3.959743308869169,0.4881330197478662,0.14998490342832468,6,0.7260846892432173,0.5620396066916162,0.11681401368139999,0.24444811799744748,0.0,5.551115123125783e-17,0.07120188151280242,0.04561213216859755
641,1,0,1,0.06760163322902517,3.8350508525313725,18.657688192548914,4.072985788793723,0.47763652269998597,0.14304880708149323,6,0.6511853648817945,0.5661407337554062,0.10459556036826995,0.0,0.0,0.0,0.06297898228728133,0.04161657808098864
642,1,2,1,-0.23261811416502265,3.6024327383663497,18.696472857283773,4.218330087892928,0.465480535527566,0.3849964691356437,6,0.7523958133676336,0.568266849533566,0.12124995070961733,0.0,0.0,0.0,0.07293592303452004,0.048314027675097286
643,1,0,1,0.06730996792459704,3.669742706290947,18.75155003948914,4.371875394999719,0.4529121648735501,0.376522605708656,6,0.7814925629415712,0.5728700736294177,0.12625340448602124,0.0,0.0,0.0,0.0754102239240953,0.05084318056192591
644,1,0,1,0.06748777574690575,3.7372304820378526,18.74291574873195,4.491965897324899,0.44189960842849046,0.3689958978573489,6,0.689541847430212,0.5780856358622215,0.11123558577820115,0.0,0.0,0.0,0.06607533867035816,0.045160247107843
645,1,0,1,0.06727247353050644,3.804502955568359,18.801012001514504,4.647882993563584,0.4292351123644769,0.3602102671450818,6,0.7948853901726631,0.5808720411514212,0.12870076065768302,0.0,0.0,0.0,0.07598697638408108,0.05271378427360194
646,1,2,1,-0.23252871055737173,3.571974245010987,18.790232907551093,4.7687004078076995,0.4182470140345986,0.4922098075058023,6,0.6962606951576558,0.5862223748769523,0.11266974494445636,0.6612616028704912,0.0,5.551115123125783e-17,0.06592858997927034,0.04674115496518603
647,1,0,0,0.06739263864348216,3.639366883654469,18.80029281926601,4.895896678624439,0.4067686737912793,0.48408559266278983,6,0.7262295154156237,0.5889733328839699,0.1176153305179897,0.0,0.0,0.0,0.06887004145991488,0.04874528905807482
648,1,0,1,0.06739128954492149,3.7067581731993906,18.80755703456318,5.024428635035061,0.3953527187538864,0.47584487462325525,6,0.7282009091550554,0.5924047374472612,0.11794003846156546,0.0,0.0,0.0,0.06849573022435772,0.049444308237207746
649,1,0,1,0.06737693054749586,3.7741351037468864,18.816062698105437,5.1514926839186606,0.38390340313852067,0.4675216939213304,6,0.7313693541658105,0.5957996417399561,0.11863497790374321,0.0,0.0,0.0,0.06869589369219434,0.04993908421154887
650,1,2,1,-0.2328421738269964,3.54129292991989,18.89193476594815,5.318833288079455,0.37078270107273137,0.49024913547096083,6,0.8424015565541131,0.5991888845506024,0.13722939956897096,1.3051301635279824,0.0,0.0,0.07872421239473591,0.058505187174235064
651,1,1,1,-0.23267187842091458,3.3086210514989753,18.907531640230534,5.448673919366415,0.4883386777272157,0.4815720890545451,6,0.7507067069200342,0.6052692013506902,0.12203021213519978,0.7246962064363881,0.0,0.0,0.06996793363670606,0.05206227849849373
652,1,0,1,0.06709491173837874,3.375715963237354,18.991146033168967,5.621906811365076,0.4749712862868372,0.4713882066684116,6,0.8657524239270136,0.6089051389899238,0.14130764295907244,0.0,0.0,0.0,0.08020434864227063,0.06110329431680182
653,1,0,1,0.06724709604339987,3.442963059280754,19.019820817965066,5.757175879926933,0.4629198451692637,0.4622751662524418,6,0.7792701744713073,0.6153263211133511,0.126986889201259,0.0,0.0,0.0,0.0723086467054407,0.05467824249581833
654,1,0,1,0.0670519354996796,3.5100149947804336,19.10561050743763,5.93284373517108,0.44944094132232326,0.4517317709336413,6,0.8808824621640138,0.6194249174472999,0.14413379499444573,0.0,0.0,0.0,0.08087342308164326,0.06326037191280248
655,1,0,1,0.06702033567431048,3.577035330454744,19.19271324190848,6.110541173377284,0.4358800865564305,0.4409315409496848,6,0.8907615287422699,0.6259613560652177,0.146166508499096,0.0,0.0,0.0,0.08136512859535669,0.06480137990373928
656,1,0,1,0.06699139053602811,3.644026720990772,19.28186576346286,6.292104485555296,0.42222466521663676,0.4298852767108195,6,0.9032971941145385,0.6325813603821442,0.14821011347195412,0.0,0.0,0.0,0.08193252803876268,0.06627758543319145
657,1,1,1,-0.23283379416117544,3.411192926829597,19.309084441764035,6.429097782526702,0.48782577854795134,0.42013300634223966,6,0.8035612314980312,0.6393492562254539,0.13155895092377184,1.0333479912998202,0.0,5.551115123125783e-17,0.07304532871229209,0.058513622211479724
658,1,0,1,0.0669316847265547,3.4781246115561517,19.40444882220345,6.613140028542397,0.47394825893011333,0.40873622276139177,6,0.922861182062378,0.6434545556072684,0.15164581919211534,0.0,0.0,0.0,0.08326511770702819,0.06838070148508717
659,1,0,1,0.06709694446616707,3.5452215560223186,19.44276199880268,6.75516098269693,0.4614310321726694,0.3985884920006972,6,0.8307738520224133,0.6504397212686461,0.13598974510883102,0.0,0.0,0.0,0.07510336054466304,0.060886384564167985
660,1,0,1,0.06708118464743694,3.6123027406697554,19.480171087601327,6.895989502245591,0.44891488584556,0.38833609415689985,6,0.8331856828847966,0.6549480745374903,0.13661126502544013,0.0,0.0,0.0,0.0750968779626566,0.061514387062783546
661,1,1,0,-0.2329224166390633,3.3793803240306923,19.514293338502696,7.036125551796355,0.4875406015421751,0.37798113056065397,6,0.8336623151983111,0.659404014746173,0.13688617232442526,1.1934893150733599,0.0,5.551115123125783e-17,0.0747563907469495,0.062129781577475764
662,1,0,1,0.067042073112674,3.4464223971433663,19.556041067473465,7.177617735402466,0.4748756802691358,0.36746950390931804,6,0.8470003848343498,0.6637604722574764,0.13905928754625121,0.0,0.0,0.0,0.07598952763823558,0.06306975990801564
663,1,0,1,0.06685554520959071,3.513277942352957,19.652421499409243,7.3587328837330706,0.4608349600717419,0.3554978640543717,6,0.9458370503382834,0.6683414700718983,0.1560741603140407,0.0,0.0,0.0,0.08424432118436277,0.07182983912967794
664,1,0,1,0.06682260246914569,3.580100544822103,19.751456360136565,7.54250018777189,0.4466764083654125,0.34329633988375025,6,0.9580810243446969,0.6752788595785579,0.1581604552617053,0.0,0.0,0.0,0.08495131023797653,0.07320914502372876
665,1,0,1,0.06698676270387725,3.64708730752598,19.790842314219077,7.683996472846242,0.4339333726317906,0.33234475238031297,6,0.8632311528545744,0.6823489136977114,0.14216773942235555,0.0,0.0,0.0,0.0764582144017318,0.06570952502062376
666,1,0,1,0.06678240895929195,3.7138697164852723,19.890365972290383,7.8690215708779245,0.4196912922065555,0.31982561569107476,6,0.9714197257796234,0.6868709696766329,0.16056730268683927,0.0,0.0,0.0,0.08545248255141064,0.07511482013542864
667,1,0,1,0.06675839254650989,3.7806281090317824,19.99047840446891,8.053868089996778,0.40538254685818753,0.30713245164869146,6,0.9789436398765881,0.6939846885792078,0.16201145634450756,0.0,0.0,0.0,0.08585247209020784,0.07615898425429975
668,1,0,1,0.06673687952782592,3.847364988559608,20.08999701213542,8.23706190890901,0.3910310767958713,0.29433570654526303,6,0.9838210889403857,0.7011086623616423,0.16288929099446847,0.0,0.0,0.0,0.0861088203738977,0.07678047062057078
669,1,0,1,0.06672193336261893,3.914086921922227,20.18710421574385,8.417281810825438,0.3766824328530327,0.28144554897284757,6,0.985503578550966,0.7081764730261109,0.16343280909152427,0.0,0.0,0.0,0.08609186365703123,0.07734094543449305
670,1,0,1,0.06670489293927842,3.980791814861506,20.28250623791266,8.595469833946725,0.36232206705419356,0.2684888605524893,6,0.9886996959543304,0.7151096506642323,0.16390232531518478,0.0,0.0,0.0,0.08616219479303493,0.07774013052214987
671,1,0,1,0.06686612690332547,4.0,20.314202030413554,8.73443702243807,0.34949126551571447,0.2567896101509498,6,0.8926123827887271,0.7219494017964847,0.14718031164011097,0.0,0.0,0.0,0.07698480923087439,0.07019550240923658
672,1,0,0,0.06683478914132444,4.0,20.35075794974076,8.878873044232854,0.33653575423644283,0.24477067512579712,6,0.9072079174432779,0.7262159763212908,0.14984667782654645,0.0,0.0,0.0,0.07773306767563036,0.07211361015091608
673,1,0,1,0.06680806086127039,4.0,20.389783049887292,9.025092023482268,0.3235086703742071,0.23259219775741732,6,0.9159848542452884,0.7307407748493404,0.15123336738369259,0.0,0.0,0.0,0.07816250317341389,0.07307086421027868
674,1,0,0,0.06680917109564605,4.0,20.42937222734135,9.167129322769707,0.310439320386464,0.22042618750992407,6,0.9169983535757343,0.7353718768342392,0.1514121614114185,0.0,0.0,0.0,0.07841609992645886,0.07299606148495964
675,1,0,1,0.06664694908597346,4.0,20.524752083338537,9.334319673478104,0.29594191253992524,0.20719438690272318,6,1.0024827454583591,0.7399125387527765,0.16637525072243775,0.0,0.0,0.0,0.08698444707923225,0.07939080364320553
676,1,0,1,0.0666317319859719,4.0,20.620139747685716,9.498821994114813,0.2813950038373952,0.19388760277688422,6,1.0063667789043045,0.746476793920416,0.16712215697021426,0.0,0.0,0.0,0.08728145221518059,0.07984070475503366
677,1,0,1,0.06675041747468316,4.0,20.65626327909704,9.63855037823934,0.26829548555803123,0.1814129600670564,6,0.9288259590808682,0.7529740435450132,0.15344496593515058,0.0,0.0,0.0,0.07859710967618377,0.07484785625896682
678,1,2,1,-0.23326409264282236,3.7667359073571776,20.695464180642233,9.77904685114758,0.255099997490662,0.3976565572564115,6,0.9370677158868408,0.7573703414334096,0.1547942249978657,0.12691712027021884,0.0,5.551115123125783e-17,0.07917292840421543,0.07562129659365029
679,1,1,1,-0.23346295365970918,3.5332729536974683,20.803908927005665,9.943365556009189,0.4823537432123824,0.3840204336070508,6,1.0346262270197826,0.7618627757947455,0.17156541156875377,0.04672885599708765,0.0,0.0,0.08974866967258924,0.08181674189616453
680,1,0,1,0.06647060572689624,3.5997435594243647,20.921704116261047,10.112689156909166,0.4670966490094439,0.3701060271371635,6,1.0558006522307286,0.7686818620753714,0.17502900403695426,0.0,0.0,0.0,0.09154256521763113,0.08348643881932315
681,1,0,1,0.06645869002258604,3.666202249446951,21.035921078492226,10.278644064296511,0.4518526073270142,0.35618297293048534,6,1.0560317014477827,0.7758598318292553,0.1750025753346476,0.0,0.0,0.0,0.09146425009457827,0.08353832524006932
682,1,0,1,0.06643898606390962,3.7326412355108602,21.148426974459003,10.443849639354326,0.4365934162067111,0.342145757768139,6,1.0605755995943111,0.7828641285697185,0.17577843769589724,0.0,0.0,0.0,0.09155514672181896,0.0842232909740783
683,1,0,1,0.06655298362749255,3.7991942191383528,21.203067076261995,10.588826319910236,0.4226806780198434,0.32877701356926603,6,0.9894236977042369,0.7898069153453333,0.163688894314444,0.0,0.0,0.0,0.0834764291212063,0.08021246519323771
684,1,0,1,0.06652355625166233,3.865717775390015,21.26125893004449,10.735352776412853,0.408662628049637,0.3152304955136293,6,0.9995156451894123,0.7947973349043058,0.16538740815505854,0.0,0.0,0.0,0.08410829982123846,0.08127910833382007
685,1,0,1,0.06649484433842194,3.932212619728437,21.323929801528905,10.885209442664902,0.394512562609914,0.30143790073083765,6,1.0124428303978998,0.7999152926614335,0.1676559613350876,0.0,0.0,0.0,0.08490039263833736,0.08275556869675023
686,1,0,1,0.06648788118639604,3.9987005009148326,21.38472416158527,11.028435002870957,0.380373361440552,0.2877520507181242,6,1.0092484013672682,0.8052284811048454,0.16695030709245334,0.0,0.0,0.0,0.08483520701617249,0.08211510007628085
687,1,0,0,0.0663797773241206,4.0,21.494154810573246,11.17477838627734,0.36499311697263465,0.27368755439199727,6,1.0661030115057608,0.8103289791114059,0.17666844476426524,0.0,0.0,0.0,0.0922814668075038,0.08438697795676144
688,1,1,1,-0.23352234533803765,3.7664776546619625,21.546036123533167,11.308840545909526,0.48599403702121097,0.2601100145892717,6,1.0026668025133718,0.8167233299212646,0.16550101668908784,0.6899587018358079,0.0,5.551115123125783e-17,0.08403577787273411,0.08146523881635373
689,1,0,1,0.0664349641406319,3.8329126188025944,21.607484472877665,11.448735140129607,0.47168640867816597,0.24621942281412212,6,1.0227148603006464,0.8213719167360674,0.1691893207091675,0.0,0.0,0.0,0.08584577005827021,0.08334355065089727
690,1,0,1,0.06641936149956229,3.899331980302157,21.669454641621197,11.587093537436925,0.4573424624779468,0.2322344143772942,6,1.0267340563760357,0.8264054903251818,0.1699737278222819,0.0,0.0,0.0,0.08606367720131453,0.0839100506209674
691,1,0,1,0.06639629008318564,3.9657282703853425,21.73261644386584,11.726821436776497,0.4429377066474844,0.21817856379167466,6,1.0343034060606655,0.8314137044764531,0.1707636384964916,0.0,0.0,0.0,0.08642853498277445,0.08433510351371715
692,1,0,1,0.06631755201592675,4.0,21.838693962926286,11.855823972925014,0.42743782354288085,0.20413380943337422,6,1.0715660022250164,0.8364859470160586,0.17726782477742403,0.0,0.0,0.0,0.09299929862762138,0.08426852614980264
693,1,0,1,0.06636345363437407,4.0,21.900395591537254,11.993837303352292,0.4129837045919851,0.1899155766229739,6,1.0420779074345334,0.8423629483962825,0.17203411056777654,0.0,0.0,0.0,0.08672471370537474,0.0853093968624018
694,1,0,1,0.06636651855501967,4.0,21.958641410160638,12.122766381472587,0.39857051295981166,0.17589296975091495,6,1.034530719115919,0.8473558223722388,0.17061479102539442,0.0,0.0,0.0,0.08647914979304047,0.08413564123235397
695,1,0,1,0.06633789272428704,4.0,22.019446196390014,12.212594352090242,0.3840875233560641,0.16404260014463512,6,1.0026679516378585,0.8520351947908307,0.1580001552601643,0.0,0.0,0.0,0.08689793762248538,0.086059529061994
696,1,0,1,0.06633522312247463,4.0,22.08016334356798,12.292028184944673,0.3695628430813067,0.1526574020618404,6,0.9959519937444009,0.8558010137120065,0.1554592701453132,0.0,0.0,0.0,0.0871480816485447,0.08598467726276336
697,1,0,1,0.06628520951332176,4.0,22.175825954313893,12.285480032683733,0.35411492022790436,0.1439483710779572,6,0.9484192466977933,0.8593047882128162,0.14494172302371314,0.0,0.0,0.0,0.09268753712041401,0.08510531304501627
698,1,0,0,0.06635066578648084,4.0,22.226322365487366,12.27134377014729,0.33974098253349877,0.13562250648478694,6,0.8978927983119704,0.8615326496749407,0.1361988137254548,0.0,0.0,0.0,0.08624362616643341,0.08493050708507349
699,1,0,1,0.0663834274792611,4.0,22.262755154498947,12.170033453990616,0.3257009965188395,0.12970066929587828,6,0.7975641262457731,0.8624416533908665,0.11977093922140776,0.0,0.0,0.0,0.08423991608795577,0.08349030064742358
700,1,0,1,0.06632208406437277,4.0,22.337855147680706,12.049239005816247,0.3106357442947,0.12430881137956888,6,0.8151252602196299,0.8608197152122392,0.12274266084269332,0.0,0.0,0.0,0.09039151334483703,0.08524980047137877
701,1,0,1,0.06631333081724067,4.0,22.415953457144763,11.937105568695317,0.2954599988203991,0.11875015184899124,6,0.8256422261805485,0.8596773538374238,0.12440643002927111,0.0,0.0,0.0,0.09105447284580524,0.08658085487553918
702,1,0,1,0.0664208161273914,4.0,22.442067861171893,11.826637886244898,0.2815773687080831,0.11331926080538612,6,0.7744731972227178,0.858826475646002,0.11588112693552671,0.0,0.0,0.0,0.08329578067389598,0.08307012388675895
703,1,0,0,0.06646238074553233,4.0,22.45907915278632,11.714597430367352,0.26789070967741996,0.10800662193345789,6,0.7616884794222945,0.8567176436854199,0.11399578741554803,0.0,0.0,0.0,0.08211995418397865,0.08136219926778818
704,1,0,1,0.06644477409886594,4.0,22.48269571982874,11.609236567335874,0.25404329497580974,0.10256704320077292,6,0.7725976185897874,0.8543419145788418,0.11572196060577111,0.0,0.0,0.0,0.08308448820966134,0.0827432455640548
705,1,0,1,0.0663555292839567,4.0,22.554070761632858,11.504710321802474,0.23892776380710137,0.0971436209259796,6,0.8191471034498308,0.8522983071791155,0.12323372066101057,0.0,0.0,0.0,0.09069318701225051,0.08619592839494233
706,1,0,1,0.06648706288629434,4.0,22.569706150082048,11.400814177575821,0.22521892317507974,0.09182625900346748,6,0.7632087713084206,0.8514695270858833,0.11415721532720247,0.0,0.0,0.0,0.08225304379212985,0.0816538858107591
707,1,0,1,0.06637257330946363,4.0,22.639463613097394,11.303033735649631,0.2100881370560065,0.08635778201669675,6,0.8212400292806047,0.8492630081914467,0.12359557863506354,0.0,0.0,0.0,0.09078471671443916,0.08632132163493697
708,1,2,1,-0.23345554159658052,3.7665444584034193,22.63894593195433,11.423753428155996,0.19673775304863006,0.3231545535870924,6,0.9687644450819737,0.8485624337186757,0.159246116500905,7.555812098025694e-05,0.0,0.0,0.08010230404425898,0.07914381245664602
709,1,0,1,0.06632604241675805,3.8328705008201776,22.71578886199288,11.577225565682392,0.18140147639333667,0.3084873269108209,6,1.0818825515677064,0.8515674840027583,0.18002101998938896,0.0,0.0,0.0,0.0920176599317603,0.08800336005762867
710,1,0,1,0.06631050534168535,3.899181006161863,22.791227631805082,11.730318413030387,0.16605982252315163,0.2937147994951616,6,1.0858569778520795,0.8573253606918819,0.18068508771506617,0.0,0.0,0.0,0.09204992322111014,0.08863516449395606
711,1,0,1,0.0664635144360793,3.9656445205979423,22.795589651696574,11.854163534250446,0.15250007362997278,0.28002789394437827,6,0.9912457922324382,0.8630386511208867,0.16347992666377315,0.0,0.0,0.0,0.08135849335907322,0.08212143330469993
712,1,0,1,0.06626942619099456,4.0,22.87293824527041,12.005487686405871,0.13706737060953286,0.2650565841098271,6,1.094916575377938,0.8662438296486755,0.18242407712994635,0.0,0.0,0.0,0.09259621812263925,0.08982785900730704
713,1,2,0,-0.23374653001929008,3.7662534699807098,22.949277400978893,12.152365987545409,0.12160922383809529,0.4352114419268483,6,1.09517810513993,0.8719606482919071,0.18225806900185104,0.38956166472464715,0.0,0.0,0.09274888062862555,0.0895091883732255
714,1,0,1,0.06620542790787336,3.832458897888583,23.030112630475532,12.306233238045868,0.10600551738255265,0.4199382339531303,6,1.1122435647102011,0.8775410847131077,0.18526148657556474,0.0,0.0,0.0,0.09362223873325583,0.09163924784230885
715,1,0,1,0.0663721992235288,3.8988310971121116,23.039503343038255,12.428722102528392,0.09216304509954858,0.4057981462467575,6,1.015288223758282,0.883408646713035,0.16789535993626095,0.0,0.0,0.0,0.0830548336980245,0.08484052623823647
716,1,0,1,0.06616852857729537,3.964999625689407,23.122191705597608,12.576958272775684,0.07646659115129716,0.3904788182077859,6,1.1176301689458128,0.8867056361391662,0.18609469192333747,0.0,0.0,0.0,0.09417872368950854,0.0919159682338289
717,1,0,1,0.0663301303677884,4.0,23.13819982051866,12.696868095091368,0.062405666894073536,0.3762016792867844,6,1.0283966866960697,0.8924787494593325,0.17002837906935084,0.0,0.0,0.0,0.08436554554334164,0.08566283352600919
718,1,0,1,0.06631578736830901,4.0,23.15476116201654,12.815638447317012,0.04830980065534856,0.36186192599431255,6,1.0312083916137715,0.8958766978902508,0.17061371718718135,0.0,0.0,0.0,0.0845751974323499,0.08603851975483144
719,1,0,1,0.06630731676976269,4.0,23.173633988350762,12.931365537807155,0.03415213325764909,0.3475131405673694,6,1.033859907057706,0.8992599902333388,0.17103871694785566,0.0,0.0,0.0,0.08494600438619679,0.08609271256165886
720,1,0,1,0.06627677087580035,4.0,23.183111386373618,13.053488179209213,0.02020588569667398,0.3328567393007318,6,1.0342250275788596,0.9026249881539479,0.1716158929656763,0.0,0.0,0.0,0.08517761446338101,0.08793840759982562
721,1,1,1,-0.23389453035541471,3.7661054696445855,23.272329619027914,13.188331576384389,0.2542628845952774,0.317471577892599,6,1.1299766189690463,0.9059149891395708,0.18796897505717639,0.0,0.0,0.0,0.09565800660837956,0.09231096844879683
722,1,0,1,0.06621987151795437,3.83232534116254,23.300287003017203,13.309672888324343,0.23985323141964743,0.30264170094822607,6,1.0608152258145487,0.9115165298853077,0.1754371807200172,0.0,0.0,0.0,0.08645791905377961,0.0889792616662376
723,1,0,1,0.06610439204153808,3.898429733204078,23.378959692921896,13.434413725196892,0.22408625606942775,0.28734800029330976,6,1.1186625240607784,0.9152489972835387,0.1863640560308159,0.0,0.0,0.0,0.09460185210131805,0.0917622039294979
724,1,0,1,0.06622402165944401,3.964653754863522,23.39510176877062,13.546219320518357,0.20991335158619195,0.27264149445947655,6,1.0482820066231615,0.9203343354529696,0.17327646190241408,0.0,0.0,0.0,0.08503742689941496,0.08823903500299912
725,1,0,1,0.06622351960042414,4.0,23.411037921828687,13.65876240457158,0.19573338675895158,0.2578286500353892,6,1.0520122643435124,0.9235330272322244,0.1739568555079665,0.0,0.0,0.0,0.08507978896344226,0.08887706654452424
726,1,0,1,0.06616977971402399,4.0,23.44038829579538,13.776195388557706,0.18121567953871112,0.24271796956563896,6,1.0735283661128299,0.9267450081600067,0.177770326139944,0.0,0.0,0.0,0.08710624332144246,0.09066408281850155
727,1,0,1,0.06606026803861459,4.0,23.520824884992876,13.891631585634329,0.1653245274856922,0.22738609560746492,6,1.1262873783829392,0.9304145921088274,0.18733815606715776,0.0,0.0,0.0,0.09534691231811361,0.09199124374904415
728,1,0,1,0.06605507623291618,4.0,23.596278240374176,14.002222207946694,0.14950371241633786,0.21212026884819843,6,1.121355389459349,0.9353114117656801,0.18651985097172527,0.0,0.0,0.0,0.09492489041612621,0.09159496055559903
729,1,0,1,0.06617487727079441,4.0,23.615249781325296,14.104711674279821,0.13509935928299485,0.19727102555809262,6,1.0614235184922727,0.9399625112080218,0.1755215785406926,0.0,0.0,0.0,0.08642611880005807,0.08909545974063456
730,1,0,0,0.06603037618484586,4.0,23.690895937014584,14.21089541595809,0.119218343033066,0.18197127952222772,6,1.1248289337576822,0.9429990363901282,0.1870845737147626,0.0,0.0,0.0,0.09528609749957309,0.09179847621518948
731,1,0,1,0.06600020383420406,4.0,23.76861429671828,14.314569616042723,0.10324322698522985,0.16668988499325263,6,1.1289373436126424,0.947544783824317,0.18753906346086754,0.0,0.0,0.0,0.09585069628701694,0.09168836717385062
732,1,0,1,0.06613194313875985,4.0,23.78697540721028,14.411872547760217,0.08876747544865776,0.1517460665047455,6,1.0677436400285187,0.9520795978190251,0.1765174201504751,0.0,0.0,0.0,0.0868545092194324,0.08966291093104271
733,1,0,1,0.06599182405352408,4.0,23.861038964800436,14.511205308939065,0.07281449957941549,0.13644459549594232,6,1.1283675176432664,0.9549711988742624,0.18752668126827254,0.0,0.0,0.0,0.0957178552154536,0.09180882605281893
734,1,1,1,-0.23404881158427393,3.765951188415726,23.940008176760774,14.598813395011685,0.30670586834202257,0.12174652817314276,6,1.1258834048764492,0.9593061068434876,0.1848401913611549,0.0,0.0,0.0,0.09665178742435745,0.09237718633307547
735,1,0,1,0.06612850659889506,3.832079695014621,23.9479919276038,14.633334708618847,0.29236997529759756,0.10979279504562146,6,1.005975603744492,0.9634705392943116,0.157737757031678,0.0,0.0,0.0,0.08601535826655018,0.0879763393389346
736,1,0,1,0.06599166458450219,3.898071359599123,24.010716129375147,14.667167275460585,0.27660147149524045,0.09772278437749238,6,1.061089934518657,0.964533165905566,0.16703108682291679,0.0,0.0,0.0,0.09461102281414227,0.09133030023980693
737,1,0,0,0.06598064025767193,3.964051999856795,24.07110971516746,14.61766491974599,0.2608465254451821,0.08838284164694694,6,0.9778383151986094,0.9669470851208933,0.15056933268362296,0.0,0.0,0.0,0.09452967630035038,0.09150119391533845
738,1,0,1,0.06597744387139357,4.0,24.129638895704257,14.523063912928018,0.2451010348291669,0.08035622637081512,6,0.9311475395916604,0.9672193658728363,0.1426326353528824,0.0,0.0,0.0,0.09447294369609138,0.09245775210839344
739,1,1,1,-0.23402685642026025,3.76597314357974,24.186969987714953,14.373042361735651,0.47404607541067195,0.07391686061856574,6,0.8736271110341388,0.9663175702158069,0.13314211589779046,0.03182383512667519,0.0,5.551115123125783e-17,0.09450592138429428,0.09301667642861958
740,1,0,0,0.06595574195946602,3.831928885539206,24.252287272976027,14.234518605221595,0.4580712614598578,0.06726831514063218,6,0.8907938374832787,0.9640003087362652,0.13574015657248636,0.0,0.0,0.0,0.09584888370488492,0.09372786164658636
741,1,0,1,0.06597342607599731,3.897902311615203,24.312055072612488,14.032794665242555,0.44218426281954776,0.062497745890061386,6,0.8202140066123662,0.9621701469549406,0.12394540734528547,0.0,0.0,0.0,0.09532199184186073,0.09346654627688689
742,1,0,1,0.06599130096256604,3.963893612577769,24.36676658049541,13.805155361052945,0.4263898776526369,0.05858055488617181,6,0.7856934471396809,0.9586212434463762,0.118269457024802,0.0,0.0,0.0,0.09476631100146451,0.09460346976125897
743,1,2,1,-0.23385137474340958,3.7300422378343594,24.36075648020625,13.91777074668865,0.4121428391306898,0.29357882642763455,6,1.0609033338852587,0.9542980485387087,0.17549260188290663,0.0,0.0,0.0,0.08548223113168318,0.09001037075122342
744,1,2,1,-0.23388043884061,3.4961617989937492,24.357995369440523,14.023610746630501,0.3977635412612989,0.4741134536561529,6,1.0600420698484956,0.9569631806723726,0.1754760216483434,0.32759200219689166,0.0,0.0,0.08627578721634496,0.08920023443199843
745,1,0,1,0.06588656208812138,3.5620483610818705,24.436821162607956,14.15978771950985,0.38134581084945024,0.4578583219078292,6,1.1745429189485586,0.9595401529017756,0.1960371729610335,0.0,0.0,0.0,0.09850638247109199,0.09753079048994154
746,1,1,1,-0.23395626500271388,3.3280920960791565,24.445333544508838,14.275849519379518,0.48530481984708335,0.44238932025502953,6,1.089489403823495,0.9649152220529452,0.18098509083429845,0.7880748650967013,0.0,5.551115123125783e-17,0.08817108091750021,0.09281400991679829
747,1,0,0,0.06602320688252863,3.3941153029616853,24.452684004506693,14.389644468594298,0.4706170213821313,0.42693047206129053,6,1.0891749858098416,0.968029576597209,0.18087987995214613,0.0,0.0,0.0,0.08812679078971203,0.09275308916243413
748,1,0,1,0.06584818900987117,3.4599634919715565,24.534425844849682,14.51596220615085,0.4540720111483733,0.4106758689185952,6,1.179117789727067,0.9710582118275247,0.1967976802587201,0.0,0.0,0.0,0.09927006140254832,0.0975276188561718
749,1,0,1,0.06583195799817104,3.5257954499697277,24.611935434032343,14.641116981315708,0.43758216549579226,0.3943946252573118,6,1.178924065622533,0.9762597012750134,0.19662653588318732,0.0,0.0,0.0,0.09893907391548602,0.09768746196770134
750,1,0,1,0.06582802723940817,3.591623477209136,24.685982022468927,14.760392855900864,0.4211385508163854,0.3781805511338745,6,1.1746487734054445,0.9813263103837012,0.19594613281706408,0.0,0.0,0.0,0.0986616880764411,0.09728444474062298
751,1,1,1,-0.23418303890375966,3.3574404383053764,24.755319161874265,14.881947849611322,0.48362329043907964,0.3618100767858894,6,1.1770515050750365,0.986159371959245,0.19648310345343312,1.0268313048983122,0.0,5.551115123125783e-17,0.09826025736552221,0.0982228460879109
752,1,0,1,0.06606442317778638,3.423504861483163,24.73084758478487,14.95575823813352,0.46949887839865073,0.3472280531909666,6,1.0402704867199395,0.9909316752871397,0.17223861381210948,0.0,0.0,0.0,0.08474647224257312,0.08749214156953637
753,1,0,1,0.06579843204777155,3.4893032935309343,24.8007346045582,15.071437043727094,0.4530793782303702,0.33091591739859294,6,1.177730970939874,0.9921651455729597,0.19638981576392542,0.0,0.0,0.0,0.0985170010096833,0.09787281475424217
754,1,0,0,0.06577277878972645,3.5550760723206607,24.873015498192878,15.183220817339272,0.4365680966498023,0.3146117344410359,6,1.1808689584539858,0.9968042912071324,0.19689278722874964,0.0,0.0,0.0,0.09906768948340712,0.09782509774534251
755,1,0,0,0.06600542868877905,3.62108150100944,24.85966275644647,15.260643411076042,0.42213305984911736,0.29966288416006936,6,1.0654757598786633,1.0014059078883037,0.17630332248990935,0.0,0.0,0.0,0.08661022080411022,0.08969310168579912
756,1,0,0,0.06596455043082289,3.6870460514402628,24.852221346389186,15.346664017709347,0.4075948819493475,0.2843323152042449,6,1.0815868507640847,1.0030076541880628,0.17921248113356625,0.0,0.0,0.0,0.08722906739861916,0.09198341373494712
757,1,0,1,0.06596725282790143,3.753013304268164,24.84660705602675,15.431354288256891,0.3930145061275867,0.26895884567999934,6,1.0840481142875713,1.0049721341024633,0.1797230720760378,0.0,0.0,0.0,0.08748225493056469,0.09224081714547314
758,1,0,1,0.06576351957010865,3.818776823838273,24.91407146269485,15.534776494918265,0.37660241690722657,0.25263436077489815,6,1.1778356469365638,1.006949033607091,0.19641944475276799,0.0,0.0,0.0,0.09847253532216091,0.09794690943060709
759,1,0,1,0.06599338673823091,3.884770210576504,24.899636300478747,15.60426800029903,0.3621734483517432,0.23762610110750704,6,1.066277542104993,1.0112211989403277,0.17662336933724665,0.0,0.0,0.0,0.08657381133289996,0.09004955800434672
760,1,0,1,0.06575657969198859,3.9505267902684924,24.961719900071152,15.701625083519003,0.34585085754030703,0.22134418898170374,6,1.17203829033182,1.0125976075194445,0.19562701762343682,0.0,0.0,0.0,0.09793554486861718,0.09769147275481967
761,1,0,1,0.0657354747972093,4.0,25.022296380838554,15.801621396601986,0.32954110441799944,0.20489851321348898,6,1.1771564184401364,1.016583624589754,0.19653257334313395,0.0,0.0,0.0,0.09785851873384531,0.0986740546092886
762,1,0,0,0.06575771567992496,4.0,25.07636026802387,15.892420008565312,0.31335537056160784,0.18869456122816133,6,1.1654604435846585,1.0205979444360134,0.19433811505031556,0.0,0.0,0.0,0.09711440313834971,0.0972237119119659
763,1,0,1,0.06574800746188397,4.0,25.12770583530378,15.980137334381803,0.29720250238294194,0.1725235207510731,6,1.1632824000111313,1.0242195069147297,0.19394345193452467,0.0,0.0,0.0,0.0969172090719953,0.09702624286252938
764,1,0,1,0.06571498837871896,4.0,25.182207496530207,16.06799123130886,0.2809470903907659,0.15624718535102292,6,1.1700516373956205,1.0276960792421397,0.19519048435335767,0.0,0.0,0.0,0.0975324719530565,0.0976580124003012
765,1,1,0,-0.2342747483322615,3.7657252516677384,25.23275696592119,16.151253480607867,0.4838008405376473,0.1400915452170705,6,1.1650666868859736,1.0312549681959764,0.19412879757783058,0.18568254234459514,0.0,0.0,0.09719495677411612,0.09693384080371448
766,1,0,1,0.06569166568550153,3.83141691735324,25.28842507522362,16.231242463543875,0.4674391234326854,0.12398854799148955,6,1.1702573534016616,1.0346002611632263,0.19478828598325726,0.0,0.0,0.0,0.09817030262977144,0.09661798335348581
767,1,0,1,0.06594599963720471,3.8973629169904447,25.263754723099158,16.275352638253725,0.45300024793448407,0.10932630734511788,6,1.0574315110545738,1.0379916884691873,0.1746066968674381,0.0,0.0,0.0,0.08663325298920804,0.08797344387823003
768,1,2,1,-0.23430563036701071,3.7656943696329894,25.314865425822717,16.35044838534816,0.43673621330224904,0.34327503939631243,7,1.1646841338518152,1.038477684033822,0.19389181548624268,0.0,0.0,0.0,0.09758420779341008,0.09630760769283257
769,1,0,1,0.06580538073268413,3.8314997503656736,25.315253892378223,16.419458804512594,0.4217162260516196,0.32759318419515115,7,1.1110317309992166,1.0416328452792718,0.18421105471074437,0.0,0.0,0.0,0.09011992350377647,0.0940911312069679
770,1,0,1,0.06584203988678068,3.897341790252454,25.31027648995632,16.476383040048542,0.4067787285444368,0.31224415306340464,7,1.0953146505363125,1.0433678174222707,0.18171917183357608,0.0,0.0,0.0,0.08962498504309707,0.092094186790479
771,1,0,0,0.06583579642240649,3.9631775866748606,25.306773478805656,16.535314650365773,0.3917914855368516,0.29682511194957784,7,1.1000950874166895,1.0446664882501215,0.18243770472847215,0.0,0.0,0.0,0.08992345804551143,0.09251424668296074
772,1,0,1,0.06561931707908074,4.0,25.371479519795663,16.614961246083887,0.3751700350325688,0.2804459807217978,7,1.1904048399374099,1.0460522032292858,0.1980034903923769,0.0,0.0,0.0,0.09972870302569671,0.0982747873666802
773,1,0,1,0.06561928663460195,4.0,25.428616509420575,16.690465191819072,0.35869365943547554,0.2641096453496624,7,1.1823019545070803,1.0496610191469888,0.1968762658153716,0.0,0.0,0.0,0.09885825358255909,0.09801801223281251
774,1,0,1,0.06582458463569285,4.0,25.420267468752236,16.74613158434778,0.34376698454163307,0.2486259003244845,7,1.1002943943913575,1.0529770425309912,0.18246251951412257,0.0,0.0,0.0,0.0895600493630552,0.0929024701510674
775,1,0,1,0.06560600246701416,4.0,25.478099192621727,16.820173310884066,0.3272539447822102,0.23226663264282166,7,1.1860334267332786,1.0541599763275002,0.19723384464651417,0.0,0.0,0.0,0.09907823855653716,0.09815560608997705
776,1,0,1,0.06561134995844094,4.0,25.532263948845518,16.887450658640685,0.3108001075429274,0.21604483910906394,7,1.17889891656806,1.057456812587645,0.19605378463824297,0.0,0.0,0.0,0.09872302343569692,0.09733076120254605
777,1,0,0,0.06561258368891826,4.0,25.58192928633833,16.951687816494502,0.2944268396806315,0.1998667840215501,7,1.174395360533784,1.0604928651871552,0.19530793769885899,0.0,0.0,0.0,0.09823960717377554,0.09706833052508344
778,1,0,1,0.06561322298861273,4.0,25.628312583722767,17.01305430551792,0.27810158500940824,0.18375734341555416,7,1.171090213978669,1.063340427570821,0.19460817166331482,0.0,0.0,0.0,0.09795152802733925,0.09665664363597556
779,1,0,1,0.06560661822307365,4.0,25.67290893167902,17.072674521893884,0.2617944275898493,0.16764746701767885,7,1.1702507365632364,1.0660341722310172,0.1945022029046055,0.0,0.0,0.0,0.09784294451735379,0.09665925838725171
780,1,0,1,0.06559549384883948,4.0,25.71867072094659,17.128875294539363,0.24542738711425638,0.1516266621730651,7,1.1706021482523743,1.0686395863393225,0.19432707192123996,0.0,0.0,0.0,0.09820224285355733,0.09612482906768259
781,1,0,0,0.06577733458764401,4.0,25.68726764440135,17.18940090740777,0.23085552812996746,0.1357612681333658,7,1.1003111867103135,1.071188650387149,0.18262351814392955,0.0,0.0,0.0,0.0874311539057337,0.09519236423819581
782,1,0,1,0.0655862256096305,4.0,25.734656013472943,17.241635165753216,0.2144501276564541,0.11975201260063696,7,1.1715393412122723,1.0719167137952281,0.1944879360374533,0.0,0.0,0.0,0.09843240284108021,0.09605553319637306
783,1,0,1,0.06582176182862298,4.0,25.697225149948117,17.289551729152876,0.20001710620171928,0.10423125756925437,7,1.084892979355489,1.074407279480654,0.17972265891670447,0.0,0.0,0.0,0.08659812872840891,0.09312453018829557
784,1,0,1,0.06558359410318051,4.0,25.74558523482304,17.328513673101973,0.18357377966586216,0.08876673491492848,7,1.1619914508015414,1.074669421977525,0.19144709514109798,0.0,0.0,0.0,0.09865995921514273,0.09521695205339116
785,1,0,1,0.06558944597366667,4.0,25.790832566022612,17.321786190621808,0.16717216433722606,0.07582277587541793,7,1.1153723214175275,1.0768524726981252,0.1760734462088798,0.0,0.0,0.0,0.09840969197181651,0.09518521834990011
786,1,0,1,0.06590922644919467,4.0,25.71514187987006,17.308688633844945,0.1537256713073728,0.06338171058909232,7,0.9890272259867039,1.0778154689161106,0.1553253498970733,0.0,0.0,0.0,0.08067895817911966,0.09018911616175429
787,1,0,1,0.06558428113913993,4.0,25.767904009064573,17.221686832508865,0.13717030659928328,0.05306896240337614,7,1.0413560907013015,1.0755957628428754,0.16120867736283415,0.0,0.0,0.0,0.0993321882485371,0.09523383114913175
788,1,0,0,0.0655814078771627,4.0,25.817406830213926,16.988490421430527,0.12065233793287045,0.04696447278650453,7,0.8910461811103514,1.074739771039336,0.13573474969970667,0.0,0.0,0.0,0.09910781199847697,0.09587318753410469
789,1,0,1,0.06589682506943623,4.0,25.75212235419019,16.731656567351493,0.1069366440384989,0.04193404601204164,7,0.74802910118834,1.0701474312911112,0.11247672401300668,0.0,0.0,0.0,0.08229416336622933,0.09271132557156417
790,1,0,1,0.06595925121349248,4.0,25.677047646688678,16.478164888675334,0.09351310529017216,0.03700569440601698,7,0.733528086860873,1.062094473038542,0.11011134212610832,0.0,0.0,0.0,0.08054123248996035,0.09198812834372888
791,1,0,1,0.06562772997040019,4.0,25.73016865160226,16.14248221522891,0.07695011289186872,0.03512186516237165,7,0.7713186448512597,1.0538803133841004,0.11068092985169273,0.0,0.0,0.0,0.09937795438982078,0.09933428066299742
792,1,0,1,0.0656547218845717,4.0,25.778605147381374,15.811782787829657,0.06046438047344422,0.03338704068662243,7,0.7645533400506388,1.0468162716707794,0.10932334136504226,0.0,0.0,0.0,0.09891439451054693,0.10008606281046722
793,1,2,1,-0.23430218150370571,3.765697818496294,25.81796116802529,15.92132868814885,0.04416022056129559,0.26662749354806453,7,1.1886616193433865,1.0397596983802757,0.19838224230423926,0.0,0.0,0.0,0.09782495947289181,0.1005572828313474
794,1,0,1,0.0656152562973422,3.8313130747936364,25.868852765632347,16.041410402632096,0.027575102649114364,0.24943238177298208,7,1.2144555584946606,1.0434822464043534,0.20268137812358222,0.0,0.0,0.0,0.0995107074730874,0.1031706706504948
795,1,1,1,-0.23436829064321688,3.5969447841504194,25.91194239862181,16.153523820438238,0.26114405651579237,0.23239852516107137,7,1.2029596300022103,1.0477565792066112,0.20078941647139623,0.0,0.0,0.0,0.09858627679993207,0.10220313967146413
796,1,0,1,0.06564173087608334,3.662586515026503,25.94439278243776,16.26221387693939,0.24494203804479842,0.21538764626528908,7,1.1927770957936066,1.0516366554765013,0.19927738420065744,0.0,0.0,0.0,0.09721211082596365,0.1020652733746938
797,1,1,1,-0.2343500291178071,3.4282364859086956,25.971315425315545,16.36167961601954,0.4773468424342234,0.19857697790735998,7,1.1815535484423612,1.0551651664844288,0.19743007663880274,0.009005107172222138,0.0,5.551115123125783e-17,0.0965660664912282,0.10086401014757457
798,1,0,0,0.0659691161902574,3.494205602098953,25.90397224663824,16.3965279190761,0.4634342464623584,0.1843146240924294,7,1.02583000041263,1.0583248760333772,0.16904969872077263,0.0,0.0,0.0,0.08347557583118932,0.08557412288958335
799,1,0,1,0.0659578490916532,3.560163451190606,25.842457653331277,16.433698363027794,0.4494262290133786,0.16992094394893098,7,1.033168354787597,1.0575125041428586,0.17041018555486998,0.0,0.0,0.0,0.08404810469387944,0.08636208086099056
800,1,0,1,0.06587624162615481,3.626039692816761,25.808199434627568,16.488752049346314,0.4348645385981105,0.15474846047301824,7,1.0776993680237816,1.0569039004089769,0.17840504334708512,0.0,0.0,0.0,0.0873701424916086,0.09103490085547651
801,1,0,1,0.065942606747822,3.691982299564583,25.754418529771737,16.530976298210692,0.42074762112222985,0.14009353349931405,7,1.0458671311078966,1.057423787099347,0.1726310666975084,0.0,0.0,0.0,0.0847015048552835,0.08792956184222493
802,1,0,1,0.06563981256034937,3.757622112124932,25.793950619740574,16.619615610058233,0.404450923136469,0.1234450727563365,7,1.1853062725159393,1.0571348706995607,0.19767095237243068,0.0,0.0,0.0,0.09778018791456519,0.09989076445786547
803,1,0,1,0.06563139624236769,3.8232535083672996,25.831439005468145,16.70603548152628,0.3881870171933965,0.10679242242518656,7,1.1842474129405816,1.0603391557449702,0.1974993376453347,0.0,0.0,0.0,0.09758343565843518,0.09991590198689954
804,1,0,1,0.06591041374148396,3.8891639221087835,25.77788666774274,16.757416671345148,0.37406320122349374,0.09167024581694865,7,1.0612657142683317,1.0634368621748607,0.1754759554688438,0.0,0.0,0.0,0.08474289581941621,0.09073305964942757
805,1,0,0,0.06588840434700007,3.9550523264557835,25.73578482746145,16.811122313034026,0.3597192461410567,0.07634020089551467,7,1.074986384884785,1.0633825834771975,0.17804400002322582,0.0,0.0,0.0,0.08606373049462204,0.09198026952860378
806,1,0,1,0.0656318567163561,4.0,25.778268904444396,16.889034034186693,0.34338385904775953,0.05982712008906057,7,1.1840684766480007,1.0636726785123871,0.1970908073985082,0.0,0.0,0.0,0.0980123225597835,0.0990784848387247
807,1,0,1,0.06584793955787081,4.0,25.751994578385034,16.87169507897892,0.3287054233453693,0.04746822417199428,7,1.0230692921986386,1.0666825734657772,0.162223989716739,0.0,0.0,0.0,0.08807061421434129,0.09276974796703961
808,1,0,0,0.0658741067843243,4.0,25.71430891363856,16.61284010190942,0.31429968055954693,0.04253374157286186,7,0.7690515996181285,1.065592241434099,0.11604135230972874,0.0,0.0,0.0,0.08643445671493422,0.09257592478319303
809,1,0,1,0.06590176771458327,4.0,25.676452580298132,16.314195848098862,0.2999284119724964,0.03947860287502975,7,0.7216781382377075,1.0581787253886996,0.10455844370929575,0.0,0.0,0.0,0.08622761152230311,0.0928986328103126
810,1,0,1,0.06566993062999038,4.0,25.72224433378815,15.983569267411744,0.28353912556128663,0.03763983345799755,7,0.7649313835128284,1.0497662107099248,0.10936833496945182,0.0,0.0,0.0,0.09833571846725861,0.10039897130350403
811,1,2,1,-0.23402860115541155,3.7659713988445884,25.673035072601674,16.060687957434467,0.26941100750121655,0.27218441753432826,7,1.0705547688662438,1.0426453400299973,0.177501203902436,0.0,0.0,0.0,0.08476870836042044,0.09273249554201562
812,1,0,1,0.06594111093110586,3.831912509775694,25.620505637513425,16.142187162520067,0.2553378521241357,0.25660183636123185,7,1.0723128457482534,1.0433430757509035,0.17793441930106382,0.0,0.0,0.0,0.08443893226248511,0.09349548703857868
813,1,2,1,-0.2341116856333289,3.5978008241423654,25.59327044836327,16.23292661479021,0.24075432458816504,0.4577461972262506,7,1.107571583120826,1.0440673200008375,0.18377713848067495,0.19685786154503648,0.0,0.0,0.08750116521582399,0.09627597326485098
814,1,0,0,0.06587303261653261,3.663673856758898,25.56744192097375,16.313003800407554,0.2261043150208074,0.44197213112819084,7,1.0999035848066576,1.045654926578837,0.1825444539925042,0.0,0.0,0.0,0.08790005740414561,0.0946443965883586
815,1,0,1,0.06587006880094524,3.729543925559843,25.534758988217085,16.399642052982813,0.21163459483878122,0.4259754627336194,7,1.100966462853129,1.0470111430345326,0.18279833145958563,0.0,0.0,0.0,0.08681832109215716,0.09598001036742844
816,1,2,1,-0.23412658375327736,3.4954173418065655,25.502434587382133,16.48062182280994,0.1971618397540388,0.48411324513409193,7,1.097015395022173,1.0483600260299974,0.18215705970390272,1.0558527764017165,0.0,5.551115123125783e-17,0.08683653050845448,0.09532052919544824
817,1,0,0,0.06584529231525733,3.5612626341218228,25.48865293896223,16.556658270464645,0.18230580218665637,0.46822397328423965,7,1.1118312094896021,1.049576410254802,0.18447185650340836,0.0,0.0,0.0,0.08913622540429451,0.09533563109911383
818,1,0,1,0.06559002875049093,3.626852662872314,25.559699607821365,16.66513450824644,0.16544395561503863,0.45090690744363426,7,1.2306556868766012,1.051132780235672,0.20507347447333843,0.0,0.0,0.0,0.10117107942970638,0.10390239504363205
819,1,0,1,0.06580028317103104,3.692652946043345,25.54873832399378,16.74752315099045,0.1504883483909061,0.43469790320052454,7,1.1270482118181253,1.055620852901695,0.18698766880345366,0.0,0.0,0.0,0.08973364334479522,0.09725402545865842
820,1,0,1,0.06558322975511785,3.7582361757984626,25.618436643823127,16.845672049565458,0.13363340136161087,0.4175484692538413,7,1.2252537552789615,1.057406536874606,0.2040262858558713,0.0,0.0,0.0,0.1011296821757714,0.10289660368009991
821,1,0,1,0.06554047580343551,3.8237766516018983,25.693577924692352,16.945253579639328,0.11660567054794853,0.40027973144121104,7,1.2363255282778116,1.061602717334715,0.20577881175775564,0.0,0.0,0.0,0.10216638488197416,0.10361242687578148
822,1,0,1,0.06576678906249957,3.889543440664398,25.672815940418012,17.02943506002487,0.10181294536458806,0.38383539592225446,7,1.1293902837194887,1.0659707876082922,0.18742236421390196,0.0,0.0,0.0,0.08875635110016274,0.09866601311373925
823,1,0,1,0.0655575704392256,3.9551010111036238,25.73904601888799,17.117300460628485,0.08496162751583304,0.3668246312009075,7,1.221651754084668,1.0675562750110719,0.20317249542061191,0.0,0.0,0.0,0.1011079070925301,0.10206458832808185
824,1,0,1,0.06551109216372143,4.0,25.815064017950924,17.206170896492292,0.06783768895634938,0.34972500984730165,7,1.23629709691465,1.071408661987912,0.20534135947853738,0.0,0.0,0.0,0.10274363135690207,0.10259772812163533
825,1,0,1,0.06574528483425986,4.0,25.787562760394948,17.281770602156563,0.05318361490157381,0.33337113714530214,7,1.1236293209693775,1.0755308728610804,0.18604768054065035,0.0,0.0,0.0,0.08792444432865336,0.098123236211997
826,1,1,1,-0.23449342600807166,3.7655065739919285,25.860797640227084,17.36036676341198,0.2860997411951021,0.3164767505307888,7,1.2285643751513406,1.076733334063788,0.20386956192591035,0.0,0.0,0.0,0.10250324223883,0.10136631968708036
827,1,0,0,0.06551727098585901,3.8310238449777874,25.919509799218197,17.436022211239372,0.2693069291177624,0.29962887847805153,7,1.2148967169094762,1.0805291100909769,0.2018441047804617,0.0,0.0,0.0,0.10075687246403842,0.10108723231642322
828,1,0,0,0.06550637287313811,3.8965302178509256,25.97449940609739,17.51032963228805,0.25257191699332787,0.28275988553135206,7,1.2131853281893186,1.0838883002614392,0.20162403042680424,0.0,0.0,0.0,0.10041007274660722,0.10121395768019709
829,1,0,0,0.06551598170094045,3.962046199551866,26.023904519006962,17.57851035451275,0.23594175444110788,0.26602138583833024,7,1.2047065610939036,1.087120725959636,0.20021197347145053,0.0,0.0,0.0,0.09978097531331995,0.10043099815813059
830,1,0,1,0.06576123210278335,4.0,25.97942853226903,17.626831953651195,0.22149166376036897,0.25030522417926465,7,1.0939059842385026,1.0900603718379929,0.18099751403882688,0.0,0.0,0.0,0.08670054408443338,0.09429696995439356
831,1,0,1,0.06548573145654535,4.0,26.037502297750315,17.693584730835813,0.20465501065558633,0.2335216897899557,7,1.2149830548139136,1.0901565121480057,0.2017211249645498,0.0,0.0,0.0,0.10101991862869591,0.10070120633585385
832,1,0,0,0.06572558440987346,4.0,25.99976630587055,17.74405600768783,0.19006672457636062,0.21762724408525783,7,1.1060124606869064,1.093277175714653,0.18289639070354152,0.0,0.0,0.0,0.08752971647535424,0.09536667422818729
833,1,0,1,0.06570989068704132,4.0,25.967184116685708,17.79865481082429,0.17536923378053063,0.20154886934534225,7,1.1156121717905714,1.0935955578389596,0.1846551932144735,0.0,0.0,0.0,0.08818494477498001,0.0964702484394935
834,1,0,1,0.06548899430573055,4.0,26.02870494074263,17.850525492336104,0.15845769604018536,0.1851120060713337,7,1.207537478756492,1.09414597318775,0.20009040608612283,0.0,0.0,0.0,0.10146922644207147,0.09862117964405129
835,1,0,1,0.06577738180800674,4.0,25.973311450480658,17.886812010875424,0.14434552324132235,0.16960086536936717,7,1.0778737891043149,1.0969807608269684,0.17773988100497753,0.0,0.0,0.0,0.08467303679317825,0.09306684421179931
836,1,0,1,0.06548638330707243,4.0,26.034089372842054,17.93492685430347,0.1274358729222129,0.1532287180121352,7,1.2053958523233446,1.096503086533902,0.1996907860580482,0.0,0.0,0.0,0.10145790191465662,0.09823288414339158
837,1,0,1,0.06569107433260472,4.0,26.00440660410306,17.987529906982402,0.11269241492046585,0.1370698376698363,7,1.122145689618577,1.0992254056786381,0.18541403006427581,0.0,0.0,0.0,0.08846074801048236,0.09695328205379347
838,1,0,0,0.06571417059400143,4.0,25.972786367821886,18.035765821582125,0.0979970630872536,0.12099177833482677,7,1.1164140910956823,1.0997984127771367,0.18464046700933062,0.0,0.0,0.0,0.08817211099927338,0.09646835601005722
839,1,1,1,-0.23450378844599334,3.7654962115540065,26.035013024192253,18.070836598607556,0.33105231912413025,0.10491172596699215,7,1.1975112381308983,1.1002138047351002,0.19814877798574818,0.0,0.0,0.0,0.10166846377874039,0.09648031420700777
840,1,0,1,0.06554002896510411,3.8310362405191105,26.07431085931205,18.106645438644726,0.3146068764259197,0.08881725166215755,7,1.1777529157269646,1.1026462405699955,0.19523950201827053,0.0,0.0,0.0,0.09867265618926296,0.09656684582900751
841,1,1,0,-0.23427102008343098,3.5967652204356795,26.03706203782471,18.137345493004958,0.4853750517876431,0.07320934163520214,7,1.097975140321806,1.1045239074489195,0.18139714943587362,0.38764125855551834,0.0,0.0,0.08774968927414117,0.09364746016173245
842,1,0,1,0.06551429860174648,3.6622795190374258,26.080113034310433,18.17324837571498,0.4688246545449455,0.05709023425846993,7,1.1833140674664873,1.1043601882707414,0.19601702771657908,0.0,0.0,0.0,0.09930238345618579,0.09671464426039329
843,1,0,1,0.06551100439611589,3.7277905234335416,26.123850619336462,18.200867405082178,0.45223893063277343,0.04131485545269464,7,1.1776906496438662,1.1063340352506352,0.19416661630768434,0.0,0.0,0.0,0.09951434347303265,0.09629456608343835
844,1,0,1,0.06579096802075093,3.7935814914542925,26.080840615002174,18.155502700547288,0.437750110523985,0.029081341498782123,7,1.019743241741285,1.1081179506104661,0.16033400437620537,0.0,0.0,0.0,0.08693292065273026,0.08799285120262765
845,1,2,1,-0.2342368329718296,3.559344658482463,26.04424787397287,18.16632832825057,0.42317653167639313,0.26399746311839895,7,1.08014146956272,1.1059085828887365,0.17794474336785035,0.0,0.0,0.0,0.08744147308555147,0.09050327028229888
846,1,0,1,0.0654541623632019,3.624798820845665,26.098789108302103,18.207789605367253,0.4063394493740738,0.24761628469904726,7,1.201266916501497,1.105264405055586,0.19930956433002625,0.0,0.0,0.0,0.10102249381391584,0.09828707051611042
847,1,0,1,0.06546566217902333,3.6902644830246882,26.14937992499501,18.244183225413188,0.3895730127819774,0.23137428520462208,7,1.1946489045805797,1.107664467841734,0.19805061651912942,0.0,0.0,0.0,0.10059861955257833,0.09745199696655109
848,1,0,1,0.06570724372185935,3.7559717267465476,26.1147594597437,18.257222887093103,0.3747941321980819,0.21622861589518527,7,1.0882582751888061,1.109839078760205,0.17954729935999414,0.0,0.0,0.0,0.08867328350337342,0.09087401585662075
849,1,0,1,0.06566815414698032,3.8216398808935277,26.096101881168394,18.2757932504551,0.35975867522104715,0.20076715381427124,7,1.1092123434576133,1.1092995586709202,0.18298151434769258,0.0,0.0,0.0,0.09021274186220848,0.09276877248548407
850,1,0,1,0.06567101626317055,3.887310897156698,26.07402767319759,18.299916274471606,0.3447583835309786,0.1851994792165915,7,1.1113461943362908,1.1092973782905875,0.1834077977264899,0.0,0.0,0.0,0.09000175014041134,0.09340604758607858
851,1,0,0,0.06568172574505728,3.9529926229017556,26.05267495375262,18.320494089647553,0.3297746614767431,0.16968337369522032,7,1.1085736944227074,1.1093485986917302,0.1829989654536398,0.0,0.0,0.0,0.08990233232541274,0.09309663312822707
852,1,0,1,0.06569773343738407,4.0,26.032166523882054,18.33652520080166,0.3148240348658808,0.15425308952080466,7,1.1048519073685397,1.1093292260850045,0.18228546471166793,0.0,0.0,0.0,0.08970375966517403,0.0925817050464939
853,1,0,1,0.0654638525678822,4.0,26.089636269602796,18.3714808847363,0.29795992493791684,0.13798697954964437,7,1.2016427227724795,1.109217293117093,0.19878131939474528,0.0,0.0,0.0,0.10118465956778355,0.09759665982696172
854,1,0,1,0.06568397101442751,4.0,26.062568891949866,18.395886364675366,0.283086087856105,0.12236794528603812,7,1.1088660311446112,1.1115279288584774,0.18295722807250858,0.0,0.0,0.0,0.08924302249087103,0.09371420558163755
855,1,0,1,0.06550285507714611,4.0,26.108681039801137,18.422650013252785,0.2664685600295586,0.10630736565494671,7,1.18433717784432,1.111461381415631,0.19606864474582691,0.0,0.0,0.0,0.09970516695927849,0.09636347778654841
856,1,0,1,0.06570197799754086,4.0,26.0774127157514,18.442427720789283,0.2517073860342917,0.09077446675577867,7,1.1017926598131111,1.113283276326348,0.1817644373666099,0.0,0.0,0.0,0.08856704397160159,0.09319739339500835
857,1,0,1,0.06568373153054019,4.0,26.047098778093858,18.46916258932075,0.23692419413920443,0.07502647516332675,7,1.1094169417874413,1.1129960109135173,0.1831871009252347,0.0,0.0,0.0,0.08869915137052321,0.09448794955471151
858,1,0,1,0.06567074299013947,4.0,26.02257944716301,18.496376988792804,0.22204965266208032,0.05920723164135031,7,1.115601602726574,1.112906534185365,0.1841627099946034,0.0,0.0,0.0,0.0892472488627448,0.0949154611318586
859,1,0,1,0.06545844883272489,4.0,26.086880443971378,18.51321993275598,0.20502239573774142,0.04354134135114101,7,1.1941178516704385,1.1129739108988956,0.19615888328728928,0.0,0.0,0.0,0.10216354154603347,0.09595122450952734
860,1,2,1,-0.2345184551813067,3.765481544818693,26.140938438466073,18.532888718847037,0.18819454118072598,0.27763612407651284,7,1.1887292900039377,1.1150025094181841,0.19639843098986148,0.0,0.0,0.0,0.1009671273420926,0.09543130364776892
861,1,0,1,0.06564954147301678,3.83113108629171,26.110865542994276,18.559450002435838,0.17334761329505557,0.2618442468246632,7,1.113334067049828,1.1168456789328278,0.1838328308251204,0.0,0.0,0.0,0.08908156731402228,0.09475126351109808
862,1,0,0,0.06563425821487034,3.89676534450658,26.08446280762137,18.589261401108185,0.15843683076922793,0.24588409970332736,7,1.1201665519351964,1.116757888635753,0.18522557788298102,0.0,0.0,0.0,0.0894646951549661,0.0957608827280149
863,1,0,1,0.06542573723342669,3.9621910817400066,26.1485082859965,18.615089530518745,0.14138578163129023,0.22969293688997147,7,1.2067167130039271,1.1168431052182388,0.19945327170776136,0.0,0.0,0.0,0.1023062948276261,0.09714697688013527
864,1,0,1,0.06564008312573871,4.0,26.121521276088185,18.64144645189758,0.12647155826898987,0.21381819956445905,7,1.1184598568834008,1.119089945412881,0.18473376412687695,0.0,0.0,0.0,0.08948534017380223,0.09524842395307474
865,1,0,1,0.06542141915539362,4.0,26.18729811515748,18.66360280483088,0.10936028326970328,0.19773078281934442,7,1.2070073852022334,1.1190741931996442,0.19919215046640706,0.0,0.0,0.0,0.10266764999571952,0.09652450047068754
866,1,0,1,0.06564533329689275,4.0,26.150808156369397,18.688126814034764,0.094704668813083,0.1819114124985083,7,1.1093065734155154,1.121272522999709,0.1828499086647383,0.0,0.0,0.0,0.08793368673972171,0.09491622192501659
867,1,0,1,0.06562012308213364,4.0,26.123171692571802,18.71631889934294,0.07984825317825027,0.1659442470070523,7,1.121528995770687,1.120973374260104,0.18494148675773256,0.0,0.0,0.0,0.08913849380899638,0.09580299294873618
868,1,0,1,0.06564135366772106,4.0,26.09001242100676,18.742006298215408,0.0651505170176395,0.15004502953771534,7,1.113515392105294,1.1209872647978685,0.1835817217796864,0.0,0.0,0.0,0.0881864169636646,0.0953953048160218
869,1,0,1,0.0656273095960669,4.0,26.065229894166283,18.76936968533947,0.05027015318633098,0.1340686363687623,7,1.12338132826414,1.1208004679805543,0.18514054200156949,0.0,0.0,0.0,0.08928218298785119,0.0958583590137183
870,1,2,1,-0.23430303835084354,3.7656969616491565,26.01807703751155,18.784913359702593,0.0359578208116254,0.3670474368194568,7,1.0892558071960283,1.120864989487644,0.17949483467015176,0.008506356873914434,0.0,0.0,0.08587399424823343,0.09362084042191832
871,1,0,1,0.06541244976121692,3.8311094114103734,26.092415751149446,18.803878239519154,0.01870189600835985,0.3509341555821142,7,1.2133783533848148,1.1200747599303535,0.200215236243649,0.0,0.0,0.0,0.10353554881959331,0.09667968742405572
872,1,0,1,0.06562789479009788,3.896737306200471,26.007947857030285,18.824365782929203,0.005123335546273581,0.3351321056592142,7,1.058426999057605,1.122407349766715,0.17628366230991785,0.0,0.0,0.0,0.08751029931283288,0.09481229953740027
873,1,0,1,0.06563803898479831,3.9623753451852695,25.55194987363048,18.84401602641885,0.0,0.31933779214082353,7,0.6844601010888249,1.1208078409989874,0.12550589438798557,0.0,0.0,0.0,0.08765055537894113,0.09476588111034409
874,1,0,0,0.0654124398555444,4.0,24.913151126789714,18.858150786139998,0.0,0.3033350569470682,7,0.4852351603816214,1.1098991475012332,0.09601641116253179,0.0,0.0,0.0,0.10580672320319466,0.09601641116253179
875,1,0,1,0.06564140907432653,4.0,24.290322348619974,18.87880119493176,0.0,0.28740818283717134,7,0.49210417844526144,1.094282547823243,0.09556124465938089,0.0,0.0,0.0,0.09332423748744234,0.09556124465938089
876,1,0,1,0.06570546866591184,4.0,23.683064289904472,18.887177413978485,0.0,0.2718307414847822,7,0.48034624892001554,1.0792280885887933,0.09346464811433512,0.0,0.0,0.0,0.0948034385436459,0.09346464811433512
877,1,0,1,0.065529667248481,4.0,23.090987682656863,18.887944979423395,0.0,0.2562290562648241,7,0.4729470007943713,1.064256042597074,0.09361011131974828,0.0,0.0,0.0,0.11115251685686729,0.09361011131974828
878,1,0,1,0.06584167373659455,4.0,22.513712990590438,18.86779585825117,0.0,0.24152473807205388,7,0.452049503313364,1.0494733165520063,0.08822590915662151,0.0,0.0,0.0,0.09541255167832866,0.08822590915662151
879,1,0,1,0.06580370660869347,4.0,21.950870165825677,18.859294703997804,0.0,0.22641992482371964,7,0.4631937422029105,1.0345377212210405,0.09062887949000543,0.0,0.0,0.0,0.09966943314340729,0.09062887949000543
880,1,0,1,0.06565340082618959,4.0,21.402098411680036,18.847262569705684,0.0,0.21126801417950003,7,0.45945023330782564,1.0202541217455872,0.09091146386531751,0.0,0.0,0.0,0.11393720385847733,0.09091146386531751
881,1,2,0,-0.2341516032797462,3.7658483967202536,20.867045951388036,18.834338871086945,0.0,0.4297788845456278,7,0.4582578656239026,1.0062340245346433,0.0897577382539141,0.09917703954931945,0.0,0.0,0.10271767767716691,0.0897577382539141
882,1,0,1,0.0657041458472287,3.8315525425674823,20.345369802603336,18.819758992304312,0.0,0.4146903966977144,7,0.45627859299454065,0.9925346205618746,0.09053092708748037,0.0,0.0,0.0,0.11549717388598119,0.09053092708748037
883,1,0,1,0.0659181652551601,3.8974707078226425,19.83673555753825,18.79829414654644,0.0,0.40000970826766374,7,0.449029129049735,0.9791282198726912,0.08808413058030343,0.0,0.0,0.0,0.10268250047428788,0.08808413058030343
884,1,0,1,0.06590307418873495,3.9633737820113772,19.3408171685998,18.781571152987727,0.0,0.38518955842657626,7,0.45323436010495,0.9658757426021173,0.08892089904652571,0.0,0.0,0.0,0.10590497155406843,0.08892089904652571
885,1,0,0,0.06578837156800392,4.0,18.8572967393848,18.760688094883484,0.0,0.3703373584866901,7,0.44865622072045,0.9530597080396882,0.08911319963931677,0.0,0.0,0.0,0.11732168809509438,0.08911319963931677
886,1,0,1,0.06582893730416219,4.0,18.385864320900183,18.734600883041303,0.0,0.35564256004594275,7,0.4429299905299062,0.9404496208567072,0.08816879064448394,0.0,0.0,0.0,0.11726329030303086,0.08816879064448394
887,1,0,1,0.06588539473590581,4.0,17.926217712877676,18.70301063113263,0.0,0.34116537438482486,7,0.4367747701673612,0.9280116300985373,0.0868631139667074,0.0,0.0,0.0,0.11642722959565244,0.0868631139667074
888,1,2,1,-0.2339952005906415,3.7660047994093584,17.478062270055737,18.679500624497628,0.0,0.48545021870100874,7,0.4440652591433095,0.9157307086002577,0.08729868779394763,0.5469922463089493,0.0,5.551115123125783e-17,0.10817572291488392,0.08729868779394763
889,1,0,1,0.06590455986628985,3.8319093592756484,17.041110713304338,18.65343853481601,0.0,0.47084656780677636,7,0.44092542593082695,0.9039390723638341,0.08762190536539413,0.0,0.0,0.0,0.11782310496263095,0.08762190536539413
890,1,2,1,-0.23406729153374156,3.5978420677419067,16.61508294547173,18.622038524013306,0.0,0.48558869876048133,7,0.43493595256769424,0.8923637312030089,0.08646780743711174,1.3250794068406582,0.0,5.551115123125783e-17,0.1178839891711751,0.08646780743711174
891,1,0,1,0.06609259869732002,3.6639346664392267,16.199705871834936,18.58572150473713,0.0,0.471468755981938,7,0.4292339438241533,0.880928036737126,0.08471965667126005,0.0,0.0,0.0,0.1081269711956652,0.08471965667126005
892,1,0,1,0.06600084990058344,3.7299355163398102,15.794713225039064,18.550744596638303,0.0,0.4571869798293522,7,0.42966612951960437,0.8696356844143017,0.0856906569155152,0.0,0.0,0.0,0.11707384528137635,0.0856906569155152
893,1,2,1,-0.2339793680962592,3.4959561482435513,15.399845394413086,18.51448803781716,0.0,0.48579077393218584,7,0.4275120560948116,0.8586364455419343,0.08525535640688488,1.2431218789761131,0.0,5.551115123125783e-17,0.11698407453828724,0.08525535640688488
894,1,0,1,0.06617798074724444,3.5621341289907957,15.014849259552761,18.473064672317317,0.0,0.47187013140559614,7,0.42143883544558947,0.8478583358057562,0.08352385515953828,0.0,0.0,0.0,0.10784277415881391,0.08352385515953828
895,1,2,1,-0.23391464101412654,3.328219487976669,14.639478028063943,18.43491888707649,0.0,0.4859008222839238,7,0.42368083156710257,0.837197848296752,0.08459506629645763,1.3312207884335765,0.0,0.0,0.11558067496156993,0.08459506629645763
896,1,0,1,0.06621510381274066,4.0,14.273491077362344,18.395674318937253,0.0,0.4719920460803433,8,0.4216284040376749,0.8268599228785108,0.08345265722148251,0.0,0.0,0.0,0.10649998476120501,0.08345265722148251
897,1,0,1,0.06614064594575167,4.0,13.916653800428286,18.35555800667821,0.0,0.4580439334265964,8,0.4197755457143877,0.8167291349074899,0.08368867592248155,0.0,0.0,0.0,0.11437439311455966,0.08368867592248155
898,1,0,1,0.06627827051417272,4.0,13.568737455417578,18.31043311531355,0.0,0.4443822771000261,8,0.4137640588022994,0.8068052951776623,0.08196993795942173,0.0,0.0,0.0,0.10616340499417548,0.08196993795942173
899,1,0,1,0.06628945885988154,4.0,13.22951901903214,18.27317299389712,0.0,0.43053554177440884,8,0.42050070646640814,0.7969792642682783,0.08308041195370318,0.0,0.0,0.0,0.10525634133550717,0.08308041195370318
900,1,1,1,-0.23376118340261318,3.766238816597387,13.684582639124216,18.22867091994827,0.23139904533787384,0.4168510083701567,8,1.1981288464664615,0.7875673003232315,0.1937129283982698,0.0,0.0,0.0,0.11160572797275697,0.08210720042551282
901,1,0,1,0.06629034452167347,3.8325291611190604,14.084563939270067,18.185674036329115,0.2137449824590637,0.40325415168238304,8,1.1548157555035021,0.7978313389768124,0.1875055173995033,0.0,0.0,0.0,0.10592437727286072,0.08158114012664261
902,1,0,1,0.0662526556034261,3.8987818167224866,14.482837173280046,18.14854052922476,0.19590472082637522,0.3894867369498147,8,1.1678956762956068,0.8067559493899796,0.18964605819154068,0.0,0.0,0.0,0.10704156979613083,0.08260448839540989
903,1,0,1,0.06622793929772362,3.96500975602021,14.875780228214552,18.11550131579964,0.1779516960597618,0.3756161185049833,8,1.1756882840720086,0.8157844425626202,0.1909418592686693,0.0,0.0,0.0,0.10771814859968062,0.08322371066898866
904,1,0,0,0.06623029283060869,4.0,15.245727911722044,18.084269216102175,0.1603048373880073,0.3617153877178978,8,1.1634976224103792,0.8247820386003549,0.18928553675303997,0.0,0.0,0.0,0.10588115203052706,0.08340438472251291
905,1,0,1,0.0662085298851174,4.0,15.61402122755565,18.057923862110925,0.1424875432833953,0.34768740580242924,8,1.1751978900379645,0.8332499281956055,0.19107165612048296,0.0,0.0,0.0,0.10690376462767179,0.08416789149281116
906,1,0,1,0.0661886962365944,4.0,15.974053123215782,18.035748876436855,0.12466041024875912,0.33354358265935663,8,1.1796555372277238,0.8417986272416644,0.19182573706625258,0.0,0.0,0.0,0.10696279820781715,0.08486293885843542
907,1,0,1,0.06617878329102747,4.0,16.325218680459315,18.014686125724328,0.10684179191741318,0.3193879408703344,8,1.180347856522321,0.8502450499913159,0.19184556072220896,0.0,0.0,0.0,0.1069117099880758,0.08493385073413319
908,1,0,1,0.0660411638124495,4.0,16.730017199468598,17.99770168723147,0.08755314318015535,0.30501902272608333,8,1.2463117006710183,0.8584976201545911,0.20194540128905333,0.0,0.0,0.0,0.11573189242354685,0.08621350886550648
909,1,0,1,0.06614312019214343,4.0,17.061858931949736,17.983120317780404,0.06975631970841811,0.2907055288063556,8,1.185453335197574,0.8681929721675019,0.19266190434878994,0.0,0.0,0.0,0.1067809408304235,0.08588096351836644
910,1,0,1,0.06611096086631585,4.0,17.38874240676654,17.972583987103206,0.051884119819359205,0.27627802369939797,8,1.192471625382853,0.8761244812432536,0.19379822997609916,0.0,0.0,0.0,0.10723319933435342,0.08656503064174573
911,1,0,1,0.06609048368007495,4.0,17.712977430840294,17.965827622662793,0.03388638892016631,0.26172578416367326,8,1.20151181948009,0.8840331598467436,0.19529982260950607,0.0,0.0,0.0,0.1079863853951574,0.08731343721434864
912,1,0,1,0.06608763771306193,4.0,18.02624939148118,17.95947669471668,0.01596072445534176,0.24716976502842716,8,1.1988911590323552,0.8919701263375772,0.19489010160042372,0.0,0.0,0.0,0.10755398678894729,0.08733611481147638
913,1,0,1,0.06604930474169465,4.0,18.098579440352047,17.961018627372194,0.0033312580804081963,0.23240028156872747,8,0.9735151336813203,0.8996431521549467,0.16439369900779932,0.0,0.0,0.0,0.10787914430119885,0.08861690075819792
914,1,0,1,0.06606930913014306,4.0,17.766150800463834,17.956002377357386,0.0,0.21782120937552366,8,0.5640450617900821,0.9014899516931061,0.10746198164167214,0.0,0.0,0.0,0.10775215562804348,0.08747443315922296
915,1,0,1,0.06607333073440859,4.0,17.321997030452238,17.955702455836764,0.0,0.20312792957781176,8,0.44860013791331316,0.8930538294455305,0.08815967878627154,0.0,0.0,0.0,0.10782910003655576,0.08815967878627154
916,1,0,1,0.06601108017239178,4.0,16.88894710469093,17.944110181617827,0.0,0.18864754789400381,8,0.43730028717698355,0.881942487157225,0.08688229010284762,0.0,0.0,0.0,0.11500979848431019,0.08688229010284762
917,1,0,1,0.06603995976142665,4.0,16.466723427073656,17.931773049798203,0.0,0.17419913577235432,8,0.43626562272082053,0.8708264321577189,0.086690472729897,0.0,0.0,0.0,0.11494851162642061,0.086690472729897
918,1,0,1,0.06608365671395885,4.0,16.055055341396816,17.914398759201525,0.0,0.159943374238136,8,0.4309200356482796,0.8599624119217965,0.08553456920530993,0.0,0.0,0.0,0.11400481515766946,0.08553456920530993
919,1,0,1,0.066196629615233,4.0,15.653678957861894,17.900165514633237,0.0,0.14572518160940687,8,0.4336267244117485,0.8492363525149587,0.08530915577237475,0.0,0.0,0.0,0.1073948824817059,0.08530915577237475
920,1,0,1,0.06623982750916801,4.0,15.262336983915349,17.88026001614125,0.0,0.13165725162610273,8,0.42759863937384424,0.8388461118123782,0.08440757989982488,0.0,0.0,0.0,0.1065478348610494,0.08440757989982488
921,1,0,1,0.06619259768784115,4.0,14.880778559317465,17.852598185572617,0.0,0.11774054359458501,8,0.41934466983490015,0.8285649250014149,0.08350024818910623,0.0,0.0,0.0,0.11198789250864007,0.08350024818910623
922,1,0,1,0.06629180939952788,4.0,14.508759095334526,17.83237737074443,0.0,0.10371852104849195,8,0.42609413981112937,0.8183344186222521,0.0841321352765584,0.0,0.0,0.0,0.1062590288211133,0.0841321352765584
923,1,0,1,0.06625063507074631,4.0,14.146040117951165,17.801686656688716,0.0,0.08993178487620773,8,0.41511872021289564,0.808528411651974,0.08272041703370529,0.0,0.0,0.0,0.11072614021544266,0.08272041703370529
924,1,0,1,0.06635249270268923,4.0,13.792389115002383,17.775098836958946,0.0,0.07617463464619433,8,0.41845434668744896,0.7986931693659971,0.08254290138008048,0.0,0.0,0.0,0.1043487739030853,0.08254290138008048
925,1,0,1,0.0663352653051439,4.0,13.447579387127325,17.73524372425309,0.0,0.06274550996504182,8,0.4045223582181151,0.7891871987990334,0.080574748086915,0.0,0.0,0.0,0.10809801038616518,0.080574748086915
926,1,0,1,0.06640384655800675,4.0,13.111389902449144,17.706181741921867,0.0,0.04912195109295467,8,0.4143191107751032,0.7795705777845103,0.08174135323252289,0.0,0.0,0.0,0.10372095496858227,0.08174135323252289
927,1,0,1,0.06637867637008797,4.0,12.783605154887914,17.665438010219887,0.0,0.03579519536170167,8,0.40191081184607136,0.7704392911092752,0.07996053438751802,0.0,0.0,0.0,0.10676263140920027,0.08066034592451586
928,1,0,1,0.06640802432206151,4.0,12.464015026015716,17.4570280510981,0.0,0.029219938659840673,8,0.23322599113370754,0.7612260791276952,0.039451540211165946,0.0,0.0,0.0,0.1056255774207353,0.08062390848215595
929,1,0,1,0.06650433933370245,4.0,12.152414650365323,17.17392366596109,0.0,0.025280154835446513,8,0.15332131614044414,0.7480260769278455,0.023638702946364998,0.0,0.0,0.0,0.10088913944830354,0.08114947778311905
930,1,0,1,0.0665344278798381,4.0,11.848604284106191,16.901274979273133,0.0,0.021258108792395477,8,0.1566994049610665,0.7331584579081604,0.024132276258306204,0.0,0.0,0.0,0.09970889851999036,0.08278957431739664
931,1,0,1,0.0665864318562795,4.0,11.552389177003535,16.601707972787832,0.0,0.018165142018534895,8,0.12296486799652888,0.7187469815844831,0.0185578006431635,0.0,0.0,0.0,0.09809715568209919,0.08215649412704143
932,1,0,1,0.06663541881403731,4.0,11.263579447578447,16.267596680700663,0.0,0.01623820375109383,8,0.08093140723252479,0.7038524287447843,0.011561629604646398,0.0,0.0,0.0,0.09638441825937966,0.0826701293871333
933,1,0,1,0.06666427997427597,4.0,10.981989961388987,15.912611727345901,0.0,0.015007133187694838,8,0.05170496366275755,0.6882794032069777,0.007386423380393936,0.0,0.0,0.0,0.09670137885292973,0.08201821885192019
934,1,1,0,-0.2332708220537437,3.766729177946256,11.37211176983569,15.566680121170968,0.23426691535084843,0.013771807306535018,8,0.7165552444901402,0.6723650422183722,0.10181046318186832,0.0,0.0,0.0,0.0943985078949094,0.08166276782650102
935,1,0,1,0.06669035586891024,3.8334195338151664,11.767371301667367,15.232110986606022,0.2181516425592073,0.012471858057384315,8,0.7341601945418991,0.6734697972751664,0.10449133224475077,0.0,0.0,0.0,0.09669163674984654,0.08308239534087829
936,1,0,1,0.06672710585410824,3.9001466396692748,12.13652760603157,14.928080768877537,0.2023995767081808,0.010643940035082773,8,0.740113143842554,0.6749870572068348,0.10547990323996853,0.0,0.0,0.0,0.09451239510615927,0.08337578316406868
937,1,0,0,0.06668455792408653,3.9668311975933612,12.525508216976451,14.610065105612865,0.18596809586967902,0.009329979178957384,8,0.7475801570529357,0.6766152093727278,0.10647265016776293,0.0,0.0,0.0,0.0985888850310106,0.08396232122571613
938,1,0,1,0.06670964877492165,4.0,12.901872949874129,14.296878122679075,0.16960386201296154,0.008090344781182816,8,0.7415670830286196,0.678389333064733,0.10562320952695226,0.0,0.0,0.0,0.09818540314030483,0.08347262126751463
939,1,0,1,0.0667323555041652,4.0,13.250445784423519,14.01447558676599,0.15365612487500502,0.006304168182280619,8,0.7461390754501374,0.6799687768138301,0.10640348242115223,0.0,0.0,0.0,0.09568642282773905,0.08439009026480229
940,1,0,1,0.06673669352716602,4.0,13.589342150722581,13.73959570512694,0.13772466600874955,0.004506977514897339,8,0.7456395189397476,0.6816230342797378,0.10637189720183265,0.0,0.0,0.0,0.09558875319753296,0.08443272513708558
941,1,0,1,0.06674917368517577,4.0,13.917761291443975,13.469981531337726,0.12184050954487137,0.002748031828255419,8,0.7420284133284183,0.6832234463962381,0.10585861290312046,0.0,0.0,0.0,0.09530493878326894,0.08444876001813892
942,1,0,0,0.06676747966315402,4.0,14.237927485110436,13.205508877961972,0.1059498762498622,0.0010271536161675712,8,0.7403871108602484,0.6846935705695425,0.10566906904258222,0.0,0.0,0.0,0.09534379977005514,0.08361004653831483
943,1,0,1,0.06678164600001053,4.0,14.548522109173271,12.918511607891961,0.09009610160438423,0.0,8,0.7096832630696334,0.6860859090768101,0.10128556956987318,0.0,0.0,0.0,0.09512264787286777,0.08331792011382406
944,1,2,1,-0.23325715176993833,3.7667428482300616,14.882325108047624,13.011171289424015,0.0734823164968021,0.23617155776266474,8,1.1131385233330384,0.6866758429266309,0.18265336406950436,0.0,0.0,0.0,0.09968271064549279,0.08297065342401158
945,1,0,1,0.06672887838987579,3.8334717266199374,15.179722099282897,13.111619666802774,0.05755205923033704,0.22207645062180045,8,1.095182778550822,0.697337409936791,0.1801521864439762,0.0,0.0,0.0,0.0955815435987904,0.0845706428451858
946,1,0,1,0.06670742165260027,3.900179148272538,15.467518839580134,13.212791920790377,0.04168168243783136,0.20785295104256665,8,1.096252538436982,0.7072835441521417,0.1805632582304367,0.0,0.0,0.0,0.09522226075503404,0.08534099747540265
947,1,0,1,0.06658638616812261,3.9667655344406603,15.806611955943707,13.318506922739418,0.0244056814892431,0.193314078362098,8,1.161815887321877,0.7170077690092628,0.19088924177434163,0.0,0.0,0.0,0.10365600569152957,0.08723323608281211
948,1,1,0,-0.23345969932208235,3.733305835118578,16.144674654524216,13.426886203002361,0.2569468652911047,0.1786197000812457,8,1.1745699508105294,0.7281279719670781,0.19291916687394398,0.0,0.0,0.0,0.10475289718883019,0.08816626968511383
949,1,0,0,0.0665016027921126,3.7998074379106908,16.47441184525536,13.533440474227154,0.23946732021052672,0.1638784947315264,8,1.1755804833941021,0.7392890214381644,0.19332450258178385,0.0,0.0,0.0,0.10487727048346832,0.08844723209831554
950,1,0,1,0.06657615310964314,3.866383591020334,16.745942738729397,13.631547264966068,0.22319442323705507,0.1494188480665398,8,1.1198339922000182,0.7501963079870628,0.18439526183074947,0.0,0.0,0.0,0.09763738184082979,0.08675787998991973
951,1,0,1,0.06644733811796094,3.932830929138295,17.065894851642682,13.738330088535589,0.20559795331039876,0.1345083220626504,8,1.186172186575186,0.7594372500923867,0.1950419755832743,0.0,0.0,0.0,0.10557881955993785,0.08946315602333646
952,1,0,1,0.066525576371725,3.9993565055100198,17.327721574378845,13.838172004224827,0.18922494369711995,0.11981886738972658,8,1.131774261929861,0.7701056235044568,0.18637478571721547,0.0,0.0,0.0,0.09823805767967277,0.08813672803754274
953,1,0,1,0.06649457551895117,4.0,17.586278534104284,13.936742739799303,0.17279010204818648,0.10509123048832918,8,1.136275034765007,0.7791473394650918,0.1869748713019853,0.0,0.0,0.0,0.09860904989360077,0.08836582140838455
954,1,0,1,0.06636944117139791,4.0,17.889330939744635,14.045562831241046,0.1551014191531014,0.08987843983409553,8,1.1999480289296853,0.7880755318475896,0.19740884129591244,0.0,0.0,0.0,0.10613209737051058,0.09127674392540187
955,1,0,1,0.06645541856415345,4.0,18.13550304131537,14.142011961237866,0.13863767148505457,0.07505314827469844,8,1.1409935758421954,0.7983723442746421,0.18773423536466344,0.0,0.0,0.0,0.09878248600828095,0.08895174935638246
956,1,0,0,0.06632569402266547,4.0,18.42555068260037,14.247712435560139,0.12093062779089807,0.05977913188544493,8,1.2026859906711025,0.806937875063831,0.19788636050046016,0.0,0.0,0.0,0.10624226216493908,0.0916440983355211
957,1,0,1,0.06628826962889717,4.0,18.71204006223001,14.354865394323685,0.10313225959680593,0.044369177520199,8,1.2104739163471987,0.8168315779540127,0.1992499353560285,0.0,0.0,0.0,0.10679020916455287,0.09245972619147562
958,1,0,1,0.06625748336363321,4.0,18.993885383315053,14.411884162782702,0.08527161289924017,0.03164372811090682,8,1.1655367259579061,0.8266726364138424,0.18351657664114762,0.0,0.0,0.0,0.1071638801853946,0.09254561825437241
959,1,0,0,0.06625476749404877,4.0,19.264333663204,14.332220216605776,0.06751458412720203,0.02330619558700341,8,1.025928572364461,0.8351442386524439,0.15656736777564922,0.0,0.0,0.0,0.10654217263222875,0.09221857662568943
960,1,0,0,0.06623854451108607,4.0,19.52668429671725,14.120480998944853,0.049786683249806736,0.0187167499118735,8,0.8905252628475735,0.8399138469952444,0.1339040793151512,0.0,0.0,0.0,0.10636740526437177,0.093192180464202
961,1,0,0,0.0663508788673539,4.0,19.730205927452502,13.8959541872274,0.033392392126378796,0.01473402439083995,8,0.8201739514093513,0.8411791323915527,0.12226209986676892,0.0,0.0,0.0,0.09836574674056761,0.09068684511337431
962,1,0,1,0.06623884352212989,4.0,19.977535353241613,13.653372931366555,0.015739693348837056,0.011534008744457725,8,0.8454021727952636,0.8406540028669975,0.12511628654354381,0.0,0.0,0.0,0.10591619266525046,0.09397183544570056
963,1,0,1,0.06637649273782212,4.0,19.915766511847302,13.387117217430855,0.005116322434102889,0.0097464228075895,8,0.5127481517851951,0.8407727071152042,0.07446574110961435,0.0,0.0,0.0,0.09685807175261066,0.09050272888229226
964,1,0,1,0.06642241427955564,4.0,19.619956994143855,13.127178070055528,0.0,0.007966927972816997,8,0.27682342815317995,0.832572093231954,0.04137490361325235,0.0,0.0,0.0,0.09541889861055819,0.08899861022677164
965,1,0,1,0.06633710282323312,4.0,19.12945806929026,12.865384864365502,0.0,0.006386303066594084,8,0.06638624606136237,0.8186783766049848,0.00948374943733748,0.0,0.0,0.0,0.10406233239526065,0.09200103880632432
966,1,0,1,0.06651991636169559,4.0,18.651221617558,12.614529125074132,0.0,0.004701091582837759,8,0.07077888231776565,0.7998710733413941,0.01011126890253795,0.0,0.0,0.0,0.09569412169807624,0.08677796047069597
967,1,0,1,0.06645795273507113,4.0,18.184941077119053,12.364035944612185,0.0,0.0031565666384351953,8,0.06487004766490767,0.7816437685658034,0.009267149666415382,0.0,0.0,0.0,0.10352039667951676,0.08902722268725073
968,1,0,0,0.06652656330484441,4.0,17.730317550191074,12.11967838044232,0.0,0.0016150586754485523,8,0.064743334445439,0.763724425543281,0.009249047777919859,0.0,0.0,0.0,0.1025924379345163,0.08754279804399867
969,1,0,0,0.06669021424480938,4.0,17.287059611436298,11.883488634028607,0.0,2.452979217841313e-05,8,0.06680221309734585,0.746249898265835,0.009543173299620835,0.0,0.0,0.0,0.09465335530837365,0.0818273688611361
970,1,0,1,0.06664359407605978,4.0,16.854883121150394,11.587431669449385,0.0,0.0,8,0.0010302512714933515,0.7292637061366227,0.00014717875307047878,0.0,0.0,0.0,0.10132369460762504,0.08385230903241359
971,1,0,1,0.06669979759968124,4.0,16.433511043121634,11.297745877713151,0.0,0.0,8,0.0,0.7110578697649945,0.0,0.0,0.0,0.0,0.10024576649077716,0.08277433354312475
972,1,0,1,0.06675441022487948,4.0,16.02267326704359,11.01530223077032,0.0,0.0,8,0.0,0.6932814230208697,0.0,0.0,0.0,0.0,0.09904471382170986,0.08152412001142413
973,1,0,1,0.066922381663327,4.0,15.6221064353675,10.739919675001065,0.0,0.0,8,0.0,0.6759493874453479,0.0,0.0,0.0,0.0,0.09084650850129586,0.0762714728274421
974,1,0,1,0.06699989281812016,4.0,15.231553774483315,10.471421683126037,0.0,0.0,8,0.0,0.6590506527592142,0.0,0.0,0.0,0.0,0.08894481370715993,0.0741827057878591
975,1,0,1,0.06703874790532645,4.0,14.850764930121231,10.209636141047886,0.0,0.0,8,0.0,0.6425743864402338,0.0,0.0,0.0,0.0,0.08844737818287829,0.0734852180227042
976,1,0,1,0.06700889473722602,4.0,14.4794958068682,9.95439523752169,0.0,0.0,8,0.0,0.626510026779228,0.0,0.0,0.0,0.0,0.09303820110409691,0.0744473033286496
977,1,0,1,0.06715454463597469,4.0,14.117508411696496,9.705535356583647,0.0,0.0,8,0.0,0.6108472761097472,0.0,0.0,0.0,0.0,0.0858181508880343,0.06996306142877042
978,1,0,1,0.06720677490903622,4.0,13.764570701404082,9.462896972669057,0.0,0.0,8,0.0,0.5955760942070036,0.0,0.0,0.0,0.0,0.08471469219175116,0.06838315007368792
979,1,0,1,0.06718180163654003,4.0,13.420456433868981,9.22632454835233,0.0,0.0,8,0.0,0.5806866918518285,0.0,0.0,0.0,0.0,0.08838196807287263,0.06889222868310838
980,1,0,1,0.06731808410909215,4.0,13.084945023022257,8.995666434643521,0.0,0.0,8,0.0,0.5661695245555328,0.0,0.0,0.0,0.0,0.08177614789340465,0.06483261874628854
981,1,0,0,0.06739785681730638,4.0,12.757821397446701,8.770774773777433,0.0,0.0,8,0.0,0.5520152864416445,0.0,0.0,0.0,0.0,0.07942821561673392,0.06169116074000755
982,1,0,0,0.06745573592833294,4.0,12.438875862510532,8.551505404432998,0.0,0.0,8,0.0,0.5382149042806034,0.0,0.0,0.0,0.0,0.07786621013717247,0.060446009305433625
983,1,2,1,-0.23248296793599946,3.7675170320640006,12.12790396594777,8.634609044844524,0.0,0.24027178053698736,8,0.2968912755223504,0.5247595316735884,0.05836931677807594,0.0,0.0,0.0,0.07587366836007199,0.05836931677807594
984,1,0,1,0.06741506108293344,3.834932093146934,11.824706366799077,8.738790363615628,0.0,0.22979384269521064,8,0.3200465448922186,0.5190628252698073,0.06286762705066021,0.0,0.0,0.0,0.08069328511112991,0.06286762705066021
985,1,0,1,0.06741870034672028,3.902350793493654,11.5290887076291,8.843858507274685,0.0,0.21918496811139354,8,0.32353790274944744,0.5140874182603676,0.06365324750290255,0.0,0.0,0.0,0.08008627077397956,0.06365324750290255
986,1,0,0,0.06752078530205118,3.969871578795705,11.240861489938371,8.930533216149392,0.0,0.20905087246151957,8,0.30777117155657474,0.5093236803725947,0.06080457389924376,0.0,0.0,0.0,0.07420729980080092,0.06080457389924376
987,1,0,1,0.06753781187499372,4.0,10.959839952689912,9.0159409980875,0.0,0.19889349809197898,8,0.30867111234184197,0.504284867652194,0.06094424621724358,0.0,0.0,0.0,0.07313930253124916,0.06094424621724358
988,1,0,0,0.06749129956329826,4.0,10.685843953872665,9.109627088355621,0.0,0.18841007342795757,8,0.3190846152203082,0.4993945237694353,0.06290054798412852,0.0,0.0,0.0,0.07641809994793887,0.06290054798412852
989,1,0,0,0.0675813278489187,4.0,10.418697855025847,9.18777062250356,0.0,0.17834477260254056,8,0.30588421135682964,0.4948867760557071,0.06039180495250182,0.0,0.0,0.0,0.07093606067332811,0.06039180495250182
990,1,0,1,0.06761252663087623,4.0,10.158230408650201,9.263385254465032,0.0,0.16828956083969357,8,0.30530889752406,0.4901617119382352,0.06033127057708217,0.0,0.0,0.0,0.06928821405139376,0.06033127057708217
991,1,0,1,0.06762416831679137,4.0,9.904274648433946,9.340574957925886,0.0,0.15816503706071924,8,0.30877433482248096,0.48554039157788076,0.060747142673845914,0.0,0.0,0.0,0.0686022064486545,0.060747142673845914
992,1,0,1,0.06764490892657211,4.0,9.656667782223098,9.413165597861404,0.0,0.14808549160164797,8,0.30610501388366473,0.4811212401589958,0.06047727275442767,0.0,0.0,0.0,0.06708744905010777,0.06047727275442767
993,1,0,1,0.06761417928251123,4.0,9.41525108766752,9.491477633115354,0.0,0.13777079081409363,8,0.3136411752004853,0.4767458345021126,0.06188820472532611,0.0,0.0,0.0,0.06935472634717653,0.06188820472532611
994,1,1,1,-0.23229965164955751,3.7677003483504423,9.62998636110525,9.560069117665698,0.2393051094831028,0.1277195504660183,8,0.7559949760076448,0.4726682180195718,0.12447678518983518,0.0,0.0,0.0,0.06416934310138336,0.060307442088451825
995,1,0,0,0.06761810675111547,3.8353184551015578,9.857721158513975,9.634598410313274,0.22815171954508184,0.11743087883949115,8,0.7820154770255758,0.4797513869692737,0.1286523693872884,0.0,0.0,0.0,0.06692033962812537,0.06173202975916306
996,1,0,0,0.06756872300438542,3.902887178105943,10.09162530430585,9.71349718603112,0.2167113798880231,0.1069376251959332,8,0.8001109107304034,0.4873079892206813,0.13160155980370042,0.0,0.0,0.0,0.06864203794235277,0.06295952186134768
997,1,0,1,0.06754091273678597,3.970428090842729,10.32930461960857,9.792870460606695,0.20504522675591508,0.09636792725695047,8,0.8121806521367161,0.4951280622584243,0.1334151064265443,0.0,0.0,0.0,0.06999691879264792,0.06341818763389641
998,1,0,1,0.06749411893995669,4.0,10.571637887973052,9.879032192465749,0.19312431414919706,0.08549832050764326,8,0.8315493772289178,0.5030543770053816,0.13674311613615128,0.0,0.0,0.0,0.07152547564030814,0.06521764049584312
999,1,0,1,0.06744785590087903,4.0,10.82043650990266,9.966891655330778,0.18091070870047565,0.07448606603041276,8,0.8479248368056087,0.51126675201097,0.1393551595557116,0.0,0.0,0.0,0.07328163269232855,0.06607352686338305
1000,1,0,1,0.06736857822712616,4.0,11.096176781321509,10.061312498700925,0.16789217497022044,0.06312854829359127,8,0.8898443189198322,0.5196832041308359,0.14625630880246024,0.0,0.0,0.0,0.07811120238153127,0.068145106420929
1001,1,2,1,-0.23263085194901237,3.7673691480509874,11.35299904180669,10.153138897154077,0.1551643005715793,0.30182173776255766,8,0.8775858909388947,0.528937232000561,0.14420810957804886,0.0,0.0,0.0,0.07636724639184687,0.06784086318620197
1002,1,0,0,0.0672897433428571,3.8346588913938446,11.620123264933541,10.25443461552893,0.14203252515577983,0.2901184767127827,8,0.9060733899757235,0.5376534484740192,0.1490102187934464,0.0,0.0,0.0,0.07879065249479694,0.07021956629864946
1003,1,0,1,0.06723600761395801,3.901894899007803,11.894482742030105,10.361530193021043,0.1285729781227788,0.2781206499261142,8,0.9283190016002387,0.5468639470115618,0.152744242918017,0.0,0.0,0.0,0.08075728219800608,0.07198696072001094
1004,1,0,1,0.06715601401043209,3.969050913018235,12.19678493337168,10.473799934902821,0.1142743799922545,0.26579021798360725,8,0.9709722565996302,0.5564003233762789,0.15977418043818747,0.0,0.0,0.0,0.08579158878314581,0.07398259165504165
1005,1,0,1,0.06712206387388597,4.0,12.499931939633218,10.584783265436023,0.09977689672433791,0.2533921714350564,8,0.980894958501602,0.5667646217068626,0.16137317889880495,0.0,0.0,0.0,0.0869848996074995,0.07438827929130543
1006,1,0,1,0.06712860845141415,4.0,12.776667731017223,10.695904662786594,0.08574134196885481,0.24094187907310416,8,0.9649750688613092,0.577117880126731,0.1589150827046117,0.0,0.0,0.0,0.08421332853289853,0.07470175417171315
1007,1,0,0,0.06709047505244818,4.0,13.05335836300956,10.808875307188968,0.07153881335764845,0.22835908789333115,8,0.9764755862398053,0.5868143098450955,0.160711918745876,0.0,0.0,0.0,0.0852151716672382,0.07549674707863784
1008,1,0,1,0.06707059572336599,4.0,13.326704344601985,10.920828908257299,0.05725374918491751,0.2156858688291865,8,0.981855424415719,0.5965558417549632,0.16174969942125372,0.0,0.0,0.0,0.08571038503638571,0.076039314384868
1009,1,0,1,0.06698633998012929,4.0,13.633283956772175,11.035370144936085,0.04200619092916343,0.2027683214372827,8,1.0273091801704588,0.6061883313214821,0.1689906338859473,0.0,0.0,0.0,0.0914853495345244,0.0775052843514229
1010,1,0,1,0.06696245241780813,4.0,13.936814726424897,11.147847169287804,0.02664731599870049,0.18982102893078248,8,1.0327241465471473,0.6167163525427065,0.16983700462177884,0.0,0.0,0.0,0.09215324958277764,0.07768375503900118
1011,1,2,1,-0.23302229013690387,3.766977709863096,14.20574391349787,11.263197559335628,0.011949634654411201,0.4185499308945835,8,1.011396124513615,0.6271165473928175,0.16654048632766405,0.049272189955266166,0.0,5.551115123125783e-17,0.08818608806573577,0.07835439826192828
1012,1,0,0,0.06684434160232444,3.8338220514654204,14.18448190979997,11.384807476459358,0.0041023727842891666,0.4050837294721474,8,0.7370714502466702,0.6367235368208375,0.1278807797553485,0.0,0.0,0.0,0.09565209959888842,0.0807972085346163
1013,1,0,1,0.06690058782400653,3.9007226392894268,13.936184237390668,11.504319999954376,0.001588784186771863,0.39167222137367746,8,0.5104470857421974,0.6392322346564834,0.09555058017592279,0.0,0.0,0.0,0.08984018604432599,0.08046904859081896
1014,1,0,1,0.06684502963636024,3.967567668925787,13.65450856730032,11.619467156427367,0.0,0.37824487418279484,8,0.4694840923162702,0.6360126059336262,0.09009678826592743,0.0,0.0,0.0,0.09547415811217831,0.08056408314529626
1015,1,2,1,-0.23309581261930892,3.7344718563064783,13.313145853117812,11.734148666513223,0.0,0.4865642865490764,8,0.40516818899653945,0.6318493930931922,0.08061428070554179,0.7694692450967691,0.0,5.551115123125783e-17,0.09000621045916854,0.08061428070554179
1016,1,0,1,0.06688095180492648,3.801352808111405,12.980317206789866,11.851237400680414,0.0,0.47295029371786906,8,0.4104424508300214,0.6261823629907759,0.08168395698724361,0.0,0.0,0.0,0.09097210491966695,0.08168395698724361
1017,1,0,1,0.06685852346819204,3.868211331579597,12.65580927662012,11.95803454733125,0.0,0.45951309337168106,8,0.4030780816678462,0.620788865186757,0.08062320207712825,0.0,0.0,0.0,0.09498690375107617,0.08062320207712825
1018,1,0,1,0.06688106534413482,3.935092396923732,12.339414044704618,12.05786624990198,0.0,0.4462162216329784,8,0.39878256625401287,0.6153460955987843,0.07978123043221577,0.0,0.0,0.0,0.09422747247779163,0.07978123043221577
1019,1,1,1,-0.23311039005601897,3.701982006867713,12.68569628996907,12.156861914389166,0.23442700335832756,0.4328629286417709,8,1.055209917116801,0.6099320073651651,0.17355773779727965,0.0,0.0,0.0,0.09343797985003474,0.08011975794724494
1020,1,0,1,0.06681465277737263,3.7687966596450857,13.038825304283286,12.263475983916688,0.21845581663781513,0.41919729237979336,8,1.0808070389506952,0.6210639551089558,0.17782093789493963,0.0,0.0,0.0,0.09582712032307439,0.08199381757186525
1021,1,0,1,0.06679157269106245,3.835588232336148,13.389503413091445,12.36729781073662,0.2023407364933826,0.40553190683471,8,1.087057467833088,0.6325575322049994,0.17868279413709542,0.0,0.0,0.0,0.09669048086659504,0.08199231327050038
1022,1,0,1,0.06676139444092202,3.9023496267770703,13.73780293941552,12.47040724259853,0.18607062549396555,0.39179638237452835,8,1.0953289887816902,0.6439200305957016,0.18003381275759195,0.0,0.0,0.0,0.0976206659965023,0.08241314676108964
1023,1,0,1,0.06676078241344974,3.9691104091905203,14.05186997774754,12.579624390914804,0.17041604863345447,0.3778593882364801,8,1.0784894411986397,0.6552052545503513,0.1775494259913564,0.0,0.0,0.0,0.09392746116306677,0.08362196482828965
1024,1,2,1,-0.2333042611795568,3.7666957388204434,14.397220878187422,12.67983399195733,0.15382113087502655,0.48616003144679504,9,1.1113478606989724,0.6657873592165586,0.18260931786979695,0.7671563294188808,0.0,0.0,0.09956950655056744,0.08303981131922954
1025,1,0,1,0.06667469511095636,3.8333704339313996,14.709832179530142,12.793696406265994,0.13781193686185642,0.4718773374825867,9,1.1034000874050014,0.6769263717536189,0.18175132786427067,0.0,0.0,0.0,0.09605516407902079,0.08569616378524993
1026,1,0,1,0.06665903901274534,3.900029472944145,15.013820946519433,12.905271283502032,0.12182941359867594,0.4575719782943874,9,1.10315185887023,0.6875882146449035,0.181727294708279,0.0,0.0,0.0,0.0958951395790829,0.08583215512919606
1027,1,0,1,0.06657957383349836,3.9666090467776436,15.356726833522206,13.007663559130325,0.10472056202457793,0.44339773879043154,9,1.143275468381602,0.6979773057505367,0.1876985464683231,0.0,0.0,0.0,0.1026531094445881,0.08504543702373502
1028,1,0,1,0.06660631585853831,4.0,15.650031488061117,13.118570311969847,0.08861286149398573,0.42893432848375684,9,1.1133211671947467,0.7091097598163132,0.18342666502360103,0.0,0.0,0.0,0.09664620318355319,0.0867804618400479
1029,1,0,1,0.0665252306805944,4.0,15.981977467755303,13.21907160224594,0.07139888151782414,0.41463405609907217,9,1.151662314971054,0.7192150450007742,0.18908551416507854,0.0,0.0,0.0,0.10328387985696948,0.08580163430810907
1030,1,0,1,0.06658679767255045,4.0,16.258054057359708,13.321333316010243,0.05534053695935673,0.40026787095497096,9,1.1083645301187364,0.730026226750031,0.18254717821541103,0.0,0.0,0.0,0.0963500673508045,0.08619711086460655
1031,1,1,1,-0.23344992337878168,3.7665500766212183,16.5307888031224,13.42690553251514,0.2892116220279863,0.3857116652504335,9,1.1177916466018438,0.7394846843342487,0.1841107238154481,0.0,0.0,0.0,0.09677348958822281,0.0873372342272253
1032,1,2,1,-0.23349804350754322,3.533052033113675,16.802788489315766,13.530679074085771,0.27290333672452927,0.48543870444039805,9,1.1247155861549367,0.7489423583909387,0.18521748517835343,0.8142699915026007,0.0,5.551115123125783e-17,0.09784971182074179,0.08736777335761162
1033,1,0,1,0.06639972367975905,3.599451756793434,17.12405533104974,13.628282595820396,0.255239023405385,0.47088766593411907,9,1.1772070525536333,0.7583366890850385,0.1932921109525397,0.0,0.0,0.0,0.10598587991486579,0.08730623103767392
1034,1,0,1,0.06644420020196423,3.665895956995398,17.38318761078057,13.731984172414581,0.238885396246997,0.45615223228760077,9,1.1316423044967703,0.7688084481717534,0.18653436482943794,0.0,0.0,0.0,0.0981217629503277,0.08841260187911025
1035,1,2,1,-0.2335743559472458,3.432321601048152,17.635720941735055,13.835378672202697,0.22253921987012917,0.4852077637420773,9,1.1338071253224797,0.7778792945798789,0.18683047580874318,1.2369133937256043,0.0,5.551115123125783e-17,0.09807705826120719,0.088753417547536
1036,1,0,0,0.0664054488933901,3.498727049941542,17.882052718762566,13.936890192757055,0.20619483851521359,0.4704047766043639,9,1.1346207879303138,0.7867774903484439,0.1868842109557737,0.0,0.0,0.0,0.09806628812949345,0.08881792282628026
1037,1,0,1,0.06638630977111849,3.5651133597126607,18.12334156920624,14.03787217699529,0.1898198932644102,0.45552554262526,9,1.1377444074698986,0.7954735727879907,0.18752507537944357,0.0,0.0,0.0,0.0982496715048201,0.08927540387462347
1038,1,0,1,0.06627205567025045,3.631385415382911,18.41770264180582,14.13614444167498,0.17201207631375973,0.4405737435806698,9,1.196663680934309,0.8040303436550382,0.19655769597144418,0.0,0.0,0.0,0.10684690170390301,0.08971079426754117
1039,1,0,1,0.06634840090505562,3.6977338162879665,18.643734258357632,14.23496195466981,0.15572560517548947,0.4256202115105856,9,1.1386953066336603,0.8138461770870201,0.18744001925012704,0.0,0.0,0.0,0.0977188268296216,0.08972119242050547
1040,1,0,1,0.06621466002137001,3.7639484763093365,18.92831553078984,14.334891677721021,0.13785204198731546,0.41047541458665254,9,1.2064784008091047,0.821967405325686,0.19811016067264262,0.0,0.0,0.0,0.1072413791290442,0.09086878154359844
1041,1,1,1,-0.2337072341211264,3.53024124218821,19.148177706611268,14.43344800493049,0.37142010503381817,0.39534693547917227,9,1.1499986832436684,0.8315801802127716,0.18936249636586486,0.0,0.0,0.0,0.09859162172098346,0.09077087464488137
1042,1,0,1,0.06614412325442529,3.5963853654426354,19.423863643677343,14.533151290163271,0.353425585204902,0.3800458339796126,9,1.2149298650874012,0.839540642788544,0.19977372797085474,0.0,0.0,0.0,0.10796711897349685,0.09180660899735792
1043,1,0,1,0.06612905090649698,3.6625144163491323,19.69351643672314,14.629775263376466,0.3354181834106176,0.3647691030050438,9,1.2152021396050072,0.8489253733460154,0.19970479661311996,0.0,0.0,0.0,0.1080444107657072,0.09166038584741278
1044,1,0,0,0.06610529963929515,3.7286197159884273,19.954027085755936,14.7277097541496,0.31746790402687813,0.34938266000281737,9,1.2165274323084194,0.8580822925024902,0.20002033431579525,0.0,0.0,0.0,0.1077016763024364,0.09231865801335887
1045,1,0,1,0.06608317569067786,3.7947028916791052,20.206770851109617,14.823454848979482,0.2995558245385791,0.33396682262828326,9,1.2155322811812022,0.8670434209976384,0.19996750117699874,0.0,0.0,0.0,0.10747247692979411,0.09249502424720463
1046,1,0,1,0.06617013748820869,3.860873029167314,20.391644740797663,14.916975321617553,0.28321745836274764,0.31862945214103894,9,1.1541500048283462,0.8757556425022276,0.19005441997845463,0.0,0.0,0.0,0.09803019705498875,0.09202422292346585
1047,1,0,1,0.06605160350864563,3.9269246326759597,20.629717560775116,15.008801723413107,0.26539818511757024,0.303187318755081,9,1.2126147233333873,0.8827155015603805,0.19956843978681213,0.0,0.0,0.0,0.1069156394710645,0.09265280031574764
1048,1,0,1,0.06613675734024523,3.993061390016205,20.802139127127667,15.101243460916049,0.2491133615692679,0.28777797172086284,9,1.1558262859601973,0.8909629821047056,0.19016502349512307,0.0,0.0,0.0,0.09770894128981407,0.09245608220530901
1049,1,0,1,0.0661255197924698,4.0,20.971373156709276,15.192526611802524,0.23280053517007707,0.27230933559645615,9,1.1581017451691797,0.8975845647010929,0.1906887751415852,0.0,0.0,0.0,0.09787695839514492,0.09281181674644025
1050,1,0,0,0.06610142034331737,4.0,21.137494260661153,15.284682031325097,0.21646771299521508,0.25676227278000646,9,1.1623740176872444,0.9040974942127951,0.19127930994786999,0.0,0.0,0.0,0.09799693304917201,0.09328237689869798
1051,1,0,0,0.0659898217692905,4.0,21.35159048456987,15.371447703607114,0.19879425167370945,0.24121365897748592,9,1.2114163034903866,0.9105544072996563,0.1993324507441569,0.0,0.0,0.0,0.10604076792903369,0.0932916828151232
1052,1,1,1,-0.23401638979917322,3.7659836102008266,21.555695405191834,15.4552061052738,0.43122910190609476,0.2256997252253546,9,1.205939276993075,0.9180759547044246,0.19847450111847584,0.0,0.0,0.0,0.10539089860568784,0.093083602512788
1053,1,0,1,0.06594381713096249,3.831927427331789,21.762022886362672,15.536899410254344,0.41345785609908153,0.21017615275162468,9,1.2132933239130235,0.9252725377616409,0.19976890968445943,0.0,0.0,0.0,0.10662747484207989,0.09314143484237948
1054,1,0,1,0.06604450777790079,3.8979719351096898,21.8942408886038,15.618664425171513,0.3974226729983639,0.19477806325270497,9,1.14645607457372,0.9324730574154254,0.18859963559782372,0.0,0.0,0.0,0.09621109860430534,0.09238853699351837
1055,1,0,1,0.06590784345221413,3.9638797785619038,22.09026160350961,15.697289196199385,0.3797084232508851,0.17921331998577575,9,1.2124681187780673,0.9378226328443828,0.19967395808644867,0.0,0.0,0.0,0.1062854984848733,0.09338845960157532
1056,1,0,1,0.06598840580527122,4.0,22.221051685976818,15.781943381556072,0.36352438604635423,0.16354930471551052,9,1.1601330378166188,0.9446887699927249,0.19108831484877667,0.0,0.0,0.0,0.0971042232271852,0.09398409162159146
1057,1,1,1,-0.23398168256449708,3.766018317435503,22.337882600191996,15.854638465921512,0.48406851278562457,0.14821705723055842,9,1.1396008752689446,0.9500748766883222,0.18758240819596467,0.6811463162781253,0.0,5.551115123125783e-17,0.09558892328625201,0.09199348490971263
1058,1,0,1,0.0659726737324026,3.8319909911679058,22.4626036099602,15.92934003476503,0.4678467392242942,0.13275087766186686,9,1.154235605264556,0.9548130266528378,0.19012771878013193,0.0,0.0,0.0,0.09733064136798267,0.09279707741214926
1059,1,0,1,0.06599391466932725,3.897984905837233,22.574240165123435,15.996745416772095,0.45185560136661773,0.11750829657597019,9,1.1388405282884315,0.9597985911181308,0.18740231366143867,0.0,0.0,0.0,0.09594682714605866,0.09145548651538
1060,1,0,1,0.06597416856965597,3.9639590744068887,22.684565787732666,16.067208959944224,0.4358373371441915,0.10210664864820516,9,1.1450638053287467,0.9642746395473882,0.1885194729011481,0.0,0.0,0.0,0.09610958533455785,0.09240988756659023
1061,1,0,0,0.06584959773853014,4.0,22.849747005248915,16.138214286533245,0.41837633537075947,0.08646962207458107,9,1.2049809127971929,0.9687943686919223,0.19858817008233587,0.0,0.0,0.0,0.10476601064059132,0.09382215944174455
1062,1,0,1,0.06585111224732036,4.0,23.00479535390949,16.204161860512947,0.4010679946210562,0.07090944712587771,9,1.1956949549348326,0.9746990322945541,0.19721109419044014,0.0,0.0,0.0,0.10385004449822006,0.09336104969222007
1063,1,0,1,0.06583503481671743,4.0,23.155275523900052,16.26931961493949,0.3837776799020476,0.05531218532436178,9,1.1958618547776694,0.980223930360561,0.19732545912314692,0.0,0.0,0.0,0.10374188831405133,0.0935835708090956
1064,1,0,1,0.06593167908017723,4.0,23.24783695439075,16.25956474530042,0.36788568690634676,0.04290326310299105,9,1.0684214393226121,0.9856148784709887,0.16980549130242933,0.0,0.0,0.0,0.09535195797420495,0.09315690843568074
1065,1,2,1,-0.23406498351385313,3.765935016486147,23.334369234446243,16.32568105737572,0.35206954111578836,0.2774347086440158,9,1.1403336346230755,0.9876850424922794,0.1877082014972022,0.0,0.0,0.0,0.09489687474335079,0.09281132675385144
1066,1,0,0,0.06575568057108754,3.8316906970572346,23.48173874317694,16.39798435806113,0.334647306919756,0.2615033870654397,9,1.211174066711656,0.9915012572955492,0.20012133464765086,0.0,0.0,0.0,0.10453340517619408,0.0955879294714568
1067,1,0,1,0.06573946397959028,3.8974301610368247,23.624139826710344,16.469665859055397,0.31726123171453363,0.24554465198132167,9,1.2110756620586196,0.9969930775309519,0.2000688617360426,0.0,0.0,0.0,0.1043164512313346,0.09575241050470801
1068,1,0,1,0.06571900250818408,3.9631491635450087,23.76143365832273,16.541476162358748,0.2999233483072566,0.22950252719472938,9,1.2114492770598808,1.0023451421441436,0.2002800491632156,0.0,0.0,0.0,0.10402730044366189,0.09625274871955371
1069,1,0,1,0.06573547723749729,4.0,23.888954806969924,16.608287662674417,0.2827339124267211,0.21359147155475167,9,1.2019053944799007,1.0075727455170371,0.19860294912307952,0.0,0.0,0.0,0.1031366152832132,0.0954663338398663
1070,1,0,1,0.06591633560403067,4.0,23.935400225999125,16.663863476924575,0.2675539269634831,0.1981829628390304,9,1.114452295020464,1.0124310617411085,0.1835309650737551,0.0,0.0,0.0,0.09107991277942754,0.09245105229432755
1071,1,0,1,0.06589039476400091,4.0,23.986014166467726,16.72107064992666,0.2522527848122132,0.18265881722596297,9,1.1228027060437809,1.0149815925730925,0.18495172658602443,0.0,0.0,0.0,0.09180685290761982,0.09314487367840464
1072,1,0,1,0.06592873864324164,4.0,24.02865284444219,16.76703308784667,0.23706357973104616,0.16750171680929607,9,1.1062782363043335,1.0176771204098596,0.1820778329870037,0.0,0.0,0.0,0.09113523048700226,0.09094260250000144
1073,1,1,1,-0.2340877731119051,3.765912226888095,24.074906683996552,16.816053636136104,0.47157919140454235,0.15219525174793821,9,1.11516653615102,1.0198921483072216,0.18342162847957663,0.0013234918475935054,0.0,0.0,0.09158283811142938,0.09183879036814725
1074,1,0,0,0.06569952608898351,3.8316117529770786,24.193081656777192,16.87346832654833,0.45439868300464176,0.13638237537398457,9,1.1978636711961785,1.0222740080033166,0.19796030864312492,0.0,0.0,0.0,0.10308305039940302,0.0948772582437219
1075,1,0,1,0.06567836691147885,3.8972901198885572,24.30911786006964,16.932131592907982,0.43720055432152755,0.12049910789595882,9,1.2013632192352408,1.026663749583138,0.19848837696684019,0.0,0.0,0.0,0.1031887720986858,0.09529960486815439
1076,1,0,1,0.06590000872349894,3.963190128612056,24.333298087669245,16.966918293768437,0.4222430995609943,0.10557319570960794,9,1.0899981647845007,1.0310312363244405,0.17930020168130437,0.0,0.0,0.0,0.08974472856319904,0.08955547311810534
1077,1,0,1,0.0658585176801736,4.0,24.369505050645593,17.011481456112733,0.40699347529010593,0.09029874532540738,9,1.1132755348565833,1.032505409535942,0.18314444793053328,0.0,0.0,0.0,0.09149774562532999,0.09164670230520328
1078,1,0,1,0.06569180862602392,4.0,24.472423223917097,17.061446600068127,0.3900109589546659,0.07457731720120499,9,1.187407979895854,1.0345246626689582,0.19622366675785485,0.0,0.0,0.0,0.10189509801264049,0.09432856874521434
1079,1,0,1,0.06583655327208779,4.0,24.508741535546662,17.103766435413412,0.37468081248202684,0.05926241170510216,9,1.116984892574481,1.0383467455996307,0.1838703118124516,0.0,0.0,0.0,0.09198087883583463,0.09230933742979078
1080,1,1,1,-0.23412326839025768,3.765876731609742,24.531745835722003,17.00280675814199,0.4849954554571379,0.049207575363129426,9,0.962357322177919,1.040312699274002,0.15035628530900888,0.748084874892161,0.0,5.551115123125783e-17,0.09002726725717256,0.0908273769752427
1081,1,0,1,0.06568640992965949,3.8315631415394016,24.6282217962183,16.83051151790924,0.4680579087541239,0.041451329158199955,9,0.9625445351101456,1.0383638148466,0.148162757447661,0.0,0.0,0.0,0.10162528021808417,0.0943282906660257
1082,1,2,1,-0.23429924431479945,3.597263897224602,24.715691424832876,16.888504797041563,0.45127572528600246,0.27557456582578704,9,1.1819312406000932,1.0364683328531883,0.19595368080320566,0.0,0.0,0.0,0.10069310080872829,0.09526057999447736
1083,1,0,1,0.06562656256193058,3.662890459786533,24.811488545977795,16.955169339994498,0.43423441602473045,0.2593661737433908,9,1.202566569644715,1.040104905546861,0.19949820806200957,0.0,0.0,0.0,0.10224785556763208,0.0972503524943775
1084,1,0,1,0.06585393790682631,3.728744397693359,24.822914843446007,16.997062764671846,0.4192349193964829,0.2441547235732839,9,1.0974861692948634,1.0441664471493073,0.1812656807901267,0.0,0.0,0.0,0.08999697976948541,0.09126870102064126
1085,1,0,1,0.0658516173489964,3.794596015042355,24.83999729190987,17.034262980044897,0.40406318182391593,0.22906319388310514,9,1.099782104039864,1.0454994402029465,0.18157960357647474,0.0,0.0,0.0,0.09103042543540202,0.09054917814107273
1086,1,0,1,0.06560533901245733,3.8602013540548126,24.932682344932203,17.09799184452465,0.38702560534132036,0.21285312521465927,9,1.2032704243009507,1.0468565067988693,0.19948587090624828,0.0,0.0,0.0,0.10222545889557315,0.0972604120106751
1087,1,0,1,0.06561156639930654,3.9258129204541192,25.018122773083572,17.159563423910615,0.37012454538034656,0.19665668470266504,9,1.19777886227376,1.0507668547364215,0.19858500283780817,0.0,0.0,0.0,0.10140635976584264,0.09717864307196555
1088,1,0,1,0.06581395257586418,3.9916268730299835,25.03250520791082,17.2023224535822,0.35492263919896433,0.18127724055427327,9,1.1115836194236854,1.0544421549248548,0.18348810197864412,0.0,0.0,0.0,0.0912114370882936,0.09227666489035048
1089,1,0,0,0.06581394984792188,4.0,25.047398609708193,17.24190243462305,0.33973228069529293,0.16593484388309562,9,1.110344074375551,1.0558706915373255,0.18319653104909442,0.0,0.0,0.0,0.0911421510220286,0.09205438002706581
1090,1,0,1,0.06559449799191334,4.0,25.131063256680225,17.298145098182243,0.32282064743289157,0.14979452991383949,9,1.197139836639503,1.0572325261082811,0.19831168338994482,0.0,0.0,0.0,0.10146979957440788,0.0968418838155369
1091,1,1,1,-0.23438206342046872,3.7656179365795315,25.204268802231432,17.348228357915612,0.4832811206140146,0.13380473925780062,9,1.1840190141561342,1.0607302088715618,0.19625202025214514,0.43692388459734965,0.0,5.551115123125783e-17,0.100313276315912,0.09593874393623314
1092,1,0,0,0.06585189397229835,3.8314698305518298,25.1983820745731,17.36745817919592,0.46842997536834924,0.11907984331085135,9,1.077155522625657,1.0638124290036761,0.1774562471556882,0.0,0.0,0.0,0.08910687147399247,0.08834937568169568
1093,1,0,1,0.06580989135237736,3.8972797219042072,25.195807514545812,17.3986682762841,0.45355672639428984,0.10393044918207268,9,1.0927815434051125,1.0641460063442256,0.1801358586170287,0.0,0.0,0.0,0.08923949384435681,0.09089636477267192
1094,1,0,0,0.06559189429625549,3.962871616200463,25.27079724596002,17.448828863398653,0.43674109459293264,0.08789894232745865,9,1.190012213299509,1.0648618947707478,0.19708283193582704,0.0,0.0,0.0,0.10089379080814281,0.09618904112768423
1095,1,0,1,0.06579363975425855,4.0,25.269748431372385,17.4827716136854,0.4218330195853756,0.0726037185827482,9,1.1008845884330811,1.0679906527339669,0.18121979251360518,0.0,0.0,0.0,0.0894484500453424,0.09177134246826277
1096,1,0,1,0.06582910180242098,4.0,25.259814692531005,17.49910804575861,0.4071159986031579,0.057957112653956644,9,1.0752156943582782,1.0688130011264445,0.17618176146605535,0.0,0.0,0.0,0.08830212589330602,0.09027598308907914
1097,1,0,1,0.06578063499601533,4.0,25.26259919108285,17.34516252892583,0.3921266942064678,0.04940533093005298,9,0.9178120501763017,1.0689730684572405,0.14124651672356273,0.0,0.0,0.0,0.08993582638014075,0.09225799769661716
1098,1,2,1,-0.2341871269862693,3.7658128730137306,25.260847738220775,17.38340197305544,0.37723237216358824,0.2765881691166544,9,1.1016820342677538,1.0651940430002171,0.1814986594885563,0.044770243649111974,0.0,0.0,0.08936593225727696,0.0921327272312794
1099,1,0,0,0.06556792384959521,3.8313807968633258,25.339905084379573,17.440077477093077,0.3602810995488437,0.2603441993986442,9,1.201839092978343,1.0661062427819057,0.19917145399652836,0.0,0.0,0.0,0.10170763568846733,0.09746381830806104
1100,1,0,0,0.06554553069076412,3.8969263275540897,25.41815043901003,17.496833444090047,0.34330445149912964,0.24403679968102746,9,1.2045008856642392,1.0694995640368163,0.19970428660398515,0.0,0.0,0.0,0.10185988829828443,0.09784439830570071
1101,1,0,1,0.06575165361445816,3.962677981168548,25.415229241299834,17.540869083137952,0.32835670281150436,0.22833231328889683,9,1.113989038415213,1.072874597077502,0.1839134104785359,0.0,0.0,0.0,0.08968649212575198,0.0942269183527839
1102,1,0,1,0.06555490734568148,4.0,25.486536742728056,17.591349557990835,0.31150907308763576,0.21214713894295611,9,1.195690434392049,1.0739024581109446,0.1981968244188555,0.0,0.0,0.0,0.10108577834321138,0.0971110460756441
1103,1,0,1,0.06572705808972472,4.0,25.492166799909256,17.632966542372372,0.2962402116963017,0.1964767147877463,9,1.1241941990807125,1.0769471575179723,0.18563571327926284,0.0,0.0,0.0,0.0916131683480041,0.09402254493125875
1104,1,0,0,0.06555427763349864,4.0,25.559500943884853,17.678995869799838,0.2794502986840253,0.18036588782334093,9,1.1914918049600964,1.078128333557041,0.1974044398600911,0.0,0.0,0.0,0.10073947807365846,0.09666496178643262
1105,1,0,1,0.0657538471620879,4.0,25.552069022181236,17.717706504838194,0.26441528952691623,0.16480497767486046,9,1.1122411336768585,1.0809624203421173,0.18357551583353707,0.0,0.0,0.0,0.09021005494265437,0.09336546089088268
1106,1,1,1,-0.2342544038979659,3.7657455961020343,25.548882328858987,17.753180146576547,0.4849225228654405,0.1492350079018806,9,1.1140313365915908,1.0817443881754858,0.18388468144523631,0.0864917371614976,0.0,5.551115123125783e-17,0.0904648628073571,0.09341981863787918
1107,1,0,1,0.0657579770164087,3.831503573118443,25.538740172792032,17.774481797365198,0.4700048094556602,0.13413846596472764,9,1.0937110566075845,1.0825515618858885,0.180085532081599,0.0,0.0,0.0,0.08950628045868123,0.09057925162291779
1108,1,0,1,0.06574925521328152,3.8972528283317245,25.530456049428786,17.80110057968262,0.45506304054706787,0.1188176433380085,9,1.1011652082081025,1.0828305492539307,0.1815755492118692,0.0,0.0,0.0,0.08965061345155438,0.09192493576031482
1109,1,0,1,0.06578203459646717,3.9630348629281915,25.52170466116913,17.819418626467247,0.44006594030440954,0.10383167172630815,9,1.092855574252756,1.0832889157277852,0.17989843112615198,0.0,0.0,0.0,0.08998260145594984,0.0899158296702021
1110,1,0,1,0.06576700456850562,4.0,25.509675105873086,17.843206111468646,0.4252469384159147,0.08860234889705249,9,1.0952860118962673,1.0835280821909095,0.18028994830650305,0.0,0.0,0.0,0.0889140113309691,0.09137593697553395
1111,1,0,1,0.0657720609519698,4.0,25.50080668016516,17.866116106236454,0.41033461353335543,0.07336942977005094,9,1.0978635994934267,1.0838220304335433,0.1808714640573652,0.0,0.0,0.0,0.08947394929535592,0.0913975147620093
1112,1,0,0,0.06557625013407165,4.0,25.562281773526756,17.898114928369516,0.3936593615636193,0.057563912294479214,9,1.177646985154698,1.0841730696600407,0.19488461667184695,0.0,0.0,0.0,0.10005151181841665,0.09525323465748307
1113,1,0,0,0.06578841119175684,4.0,25.548411284640032,17.751830185933116,0.3788594519539923,0.04855710511079808,9,0.9263546862242772,1.086509917547407,0.1428403007598486,0.0,0.0,0.0,0.08879945765776182,0.09076916511809045
1114,1,0,1,0.06581539207393576,4.0,25.528407527233995,17.41867992785297,0.36420606731857347,0.04587352350440855,9,0.729352021278153,1.0825060367643284,0.10402179745085016,0.0,0.0,0.0,0.08792030781251296,0.09057136710476349
1115,1,0,0,0.06580214893695234,4.0,25.513394068520288,17.07937869488272,0.3494780134756823,0.043583862427597264,9,0.7193624946932169,1.0736771863771741,0.10210628951821499,0.0,0.0,0.0,0.08836832305734726,0.09337453894553327
1116,1,0,1,0.06584210297116379,4.0,25.49402320534672,16.74759341445582,0.3348430155706636,0.041317215119379004,9,0.7136631754846117,1.0648193190850754,0.10140987127942169,0.0,0.0,0.0,0.08780998743011213,0.09372784116820114
1117,1,0,0,0.0656611137102882,4.0,25.55009217923527,16.404257394707273,0.31829170347896596,0.039523076652406494,9,0.7687733696350594,1.0560404154950638,0.11007270335202092,0.0,0.0,0.0,0.09930787255018583,0.09960274128974671
1118,1,0,1,0.06586885794320943,4.0,25.534352368972073,16.087075012141362,0.303532392411713,0.037310599216649955,9,0.7159365465194604,1.0488587393485638,0.10183073101805704,0.0,0.0,0.0,0.08855586640351783,0.09576702122714376
1119,1,0,1,0.0657376721389443,4.0,25.577746550781175,15.762021459856044,0.287238371410822,0.03547432962097818,9,0.7588763140516157,1.040535684527836,0.10878174357937674,0.0,0.0,0.0,0.09776412600534606,0.100171637168704
1120,1,0,1,0.06594227052858995,4.0,25.54715164151977,15.458113775844073,0.27284444774780153,0.03332807122849177,9,0.6989916069925524,1.0334942002659306,0.09924109233304114,0.0,0.0,0.0,0.0863635419781227,0.09553308675857829
1121,1,0,1,0.06595413572087586,4.0,25.52556128386294,15.159024569188432,0.25821241459793787,0.03124798461562366,9,0.7044520711216299,1.025131635434096,0.10027271857639046,0.0,0.0,0.0,0.08779219889918183,0.09628515599967348
1122,1,2,1,-0.23422096630118788,3.765779033698812,25.572082463878758,15.29264848811571,0.2418419053403833,0.2642832412859423,9,1.1972597452693785,1.0171146463262843,0.2000115155234154,0.0,0.0,0.0,0.09822305554532745,0.10178845997808794
1123,1,0,1,0.06575576030182902,3.831534794000641,25.614383661287587,15.431101362466595,0.22556257299918703,0.24703680453396362,9,1.2023723455595776,1.0216182737998618,0.20115461455904965,0.0,0.0,0.0,0.09767599404717746,0.10347862051187218
1124,1,0,0,0.06599410687195331,3.897528900872594,25.567927865196566,15.536373316889268,0.2114011219153287,0.23105909116945925,9,1.0849532839255056,1.0261371255938547,0.18083498669017656,0.0,0.0,0.0,0.08496870650315014,0.09586628018702642
1125,1,0,1,0.0657257941925733,3.9632546950651673,25.61747887146207,15.665913499078721,0.19495924658999866,0.21391121625028542,9,1.2066987180071003,1.0276075295521458,0.2015385014670228,0.0,0.0,0.0,0.09865125195197999,0.10288724951504281
1126,1,0,1,0.06571994028933568,4.0,25.66387468398358,15.789076236378072,0.17856537512756485,0.19686755674065926,9,1.2016433590843816,1.03208480926352,0.2006251858323603,0.0,0.0,0.0,0.09836322877460321,0.1022619570577571
1127,1,0,1,0.06593327783807026,4.0,25.634974784537953,15.883261857364742,0.16401184692826662,0.18088730045795887,9,1.1016094945500856,1.0363237730090413,0.18320270689199167,0.0,0.0,0.0,0.08732116919578939,0.09588153769620227
1128,1,1,1,-0.23407205678147033,3.7659279432185295,25.60192713129525,15.982610641769844,0.3995769413472247,0.16469403766924084,9,1.1042570472099607,1.0379559160475673,0.1837690102185597,0.0,0.0,0.0,0.08660943348625158,0.09715957673230814
1129,1,0,1,0.06590110202512826,3.8318290452436576,25.57366346646922,16.074502411111077,0.38509913386794764,0.148662023502965,9,1.1032415488418374,1.0396134443266272,0.18305892987331748,0.0,0.0,0.0,0.08686684487566235,0.09619208499765515
1130,1,0,1,0.06589210877201335,3.897721154015671,25.550581483514467,16.162099954663613,0.3705073847758867,0.13272008434456528,9,1.1057197075372844,1.0412041469395075,0.18320212950276374,0.0,0.0,0.0,0.08755049455236544,0.09565163495039827
1131,1,0,1,0.06570404553061991,3.963425199546291,25.59695885951139,16.267609361755532,0.35413867318199505,0.1158728317442127,9,1.1947038190432968,1.042817035954452,0.1992957851654658,0.0,0.0,0.0,0.09821226956335027,0.10108351560211554
1132,1,0,1,0.06568790685847929,4.0,25.64486711608009,16.36994704084503,0.3377200502102066,0.09902964280105232,9,1.196860141189871,1.046614205531673,0.1995708714896924,0.0,0.0,0.0,0.09851173783073033,0.10105913365896213
1133,1,0,1,0.06587506790323865,4.0,25.621199501519925,16.450540211106844,0.3230934946512655,0.08307042001789217,9,1.1072959096247814,1.0503703539231282,0.1835146700526075,0.0,0.0,0.0,0.08775933335364644,0.09575533669896104
1134,1,0,1,0.06587473486516612,4.0,25.59672469695313,16.528601595141964,0.30852752073002127,0.0671280062576945,9,1.1053800722839895,1.0517934928156691,0.18305032608865138,0.0,0.0,0.0,0.08739584352746539,0.09565448256118599
1135,1,0,0,0.06587855729042462,4.0,25.571354190606435,16.5774139831867,0.29399889013961145,0.0526665785084151,9,1.0765750390004225,1.0531331573023772,0.17394035003813557,0.0,0.0,0.0,0.08717178354245918,0.09548990202748768
1136,1,0,0,0.06567526998047643,4.0,25.623335903281195,16.406679868749123,0.2774888222428533,0.045090106495707466,9,0.9349668025820101,1.0537192043448285,0.14451923945679457,0.0,0.0,0.0,0.09906040738054875,0.0997658252234009
1137,1,0,0,0.06590252930199855,4.0,25.5964092929985,16.149178507051474,0.26295694408600534,0.04041044822727488,9,0.7663224223204146,1.050750394300758,0.11526921855168334,0.0,0.0,0.0,0.08719126894108785,0.0944413865334085
1138,1,0,1,0.06571486733722146,4.0,25.642977384958755,15.84208724588348,0.2465601538897706,0.037766383441418465,9,0.7831165257935105,1.0436396950012494,0.1142451298925471,0.0,0.0,0.0,0.09838074117740862,0.1005492251223608
1139,1,2,1,-0.23428552316149862,3.7657144768385016,25.689997848087337,15.961740931330045,0.23011900209020753,0.2707642406969539,9,1.2038007643462034,1.037126615771056,0.20065976726416623,0.0,0.0,0.0,0.09864691079737849,0.10201285646678773
1140,1,0,1,0.06590154207012837,3.83161601890863,25.660402643336788,16.05956675618441,0.21558696113881481,0.25454720868948616,9,1.109524089589252,1.0412934694854346,0.1844944377531622,0.0,0.0,0.0,0.08719224570835617,0.09730219204480603
1141,1,0,1,0.06568045629023225,3.8972964751988624,25.710555017026792,16.177711509322066,0.19908420029516746,0.23738166676987701,9,1.211296361815688,1.0429992349880302,0.2020098165795389,0.0,0.0,0.0,0.099016565061884,0.1029932515176549
1142,1,0,1,0.06585987461506426,3.963156349813927,25.687411093668455,16.274977003906116,0.18435976440809257,0.22101041428651858,9,1.1213282343844344,1.0472066631587216,0.18657413022260036,0.0,0.0,0.0,0.08834661532244942,0.09822751490015094
1143,1,0,1,0.06563331301391727,4.0,25.743778174314475,16.38890752582206,0.16769198528769258,0.20380870460430237,9,1.2193573050013293,1.0490597024393642,0.2032169328156969,0.0,0.0,0.0,0.10000667472240007,0.10321025809329681
1144,1,0,1,0.06562817908263353,4.0,25.797841895135992,16.49501382658414,0.1510477822146851,0.18676607957527755,9,1.2134871640870135,1.0533171425034134,0.20212096861219384,0.0,0.0,0.0,0.09986521843804458,0.10225575017414923
1145,1,0,1,0.06587550853720228,4.0,25.74501447641613,16.585663681583913,0.1369853636237889,0.1705465900691688,9,1.0951438293229068,1.0573213930430034,0.18169144858202987,0.0,0.0,0.0,0.0843745115453774,0.09731693703665246
1146,1,2,1,-0.23438692670621855,3.7656130732937814,25.802581800307152,16.6864718426127,0.12025473511248506,0.3809458311124348,9,1.2166424388698123,1.058266953950001,0.20238182169389363,0.13560650311433298,0.0,0.0,0.10038377106782292,0.1019980506260707
1147,1,1,1,-0.23442792484793523,3.531185148445846,25.860677912591747,16.791693123144825,0.35349713349545514,0.3636854351556395,9,1.2255437338897164,1.0622263410729964,0.2041079854429511,0.0,0.0,0.0,0.10054560970217918,0.10356237574077191
1148,1,0,1,0.06556739724305698,3.596752545688903,25.91098692765727,16.891410430091433,0.33685118830378635,0.34654531421680285,9,1.2163355979055466,1.0663092758934143,0.20271639678303305,0.0,0.0,0.0,0.09987567115001297,0.10284072563302007
1149,1,2,1,-0.23443289500861994,3.362319650680283,25.959801770807957,16.985139641173916,0.3202215119446477,0.4829658946616238,9,1.2126039881768875,1.0700599339437178,0.20198269018508924,0.5792718853008169,0.0,0.0,0.09977805815483219,0.10220463203025704
1150,1,0,1,0.06552572271386914,3.427845373394152,26.012512845049148,17.07970385362779,0.3034664750269205,0.4658299382175035,9,1.2208988219946137,1.073623535299547,0.20334596017108508,0.0,0.0,0.0,0.10053022150636319,0.1028157386647219
1151,1,0,1,0.06574602815886149,3.4935914015530134,25.987903136161023,17.14189156299288,0.288505765749032,0.449994453753122,9,1.1148834179438865,1.0773054174669237,0.18477716245361997,0.0,0.0,0.0,0.08976425566733101,0.09501290678628896
1152,1,0,1,0.06548727004305832,4.0,26.044035391757255,17.23557015502891,0.27167566094217027,0.4327394497899894,10,1.2280557151111098,1.0782448674788476,0.20451065261996587,0.0,0.0,0.0,0.10098062884117023,0.10353002377879565
1153,1,2,1,-0.23451868729832465,3.7654813127016755,26.09920888308247,17.324692512091513,0.2548450170968228,0.48281644760195136,10,1.2262859870574725,1.0819901386696542,0.20408517746037685,1.0964366987399363,0.0,5.551115123125783e-17,0.10098386307208503,0.10310131438829181
1154,1,0,1,0.06566164617633963,3.831142958878015,26.08405117982329,17.398371878034034,0.23963115744145558,0.4664002754644128,10,1.144119197562694,1.0855975348793496,0.1897801907574339,0.0,0.0,0.0,0.091283157932203,0.09849703282523091
1155,1,0,1,0.0654899551999344,3.8966329140779496,26.13662572472829,17.47594085045933,0.222847832511573,0.4494448267003695,10,1.2172040937767281,1.0870605764464334,0.20243264216355566,0.0,0.0,0.0,0.10069994957929547,0.10173269258426017
1156,1,0,1,0.06546306380880729,3.962095977886757,26.189132683075268,17.554653154259277,0.20603693038125814,0.43242828510640097,10,1.2215334265266118,1.0903141643796905,0.20296466234570026,0.0,0.0,0.0,0.100865412781889,0.10209924956381128
1157,1,0,1,0.06545675669266138,4.0,26.23943910806819,17.631549302183906,0.1892495814090899,0.4154086632330589,10,1.220797218850917,1.0935946459333636,0.20284182507306175,0.0,0.0,0.0,0.10072409383300938,0.10211773124005236
1158,1,0,1,0.0654480484401613,4.0,26.28756323767231,17.70631234058913,0.17249737573528853,0.39840873018188233,10,1.2196618782656459,1.0967747102563026,0.20251283234986817,0.0,0.0,0.0,0.1005132340428085,0.10199959830705971
1159,1,0,1,0.0654518157163336,4.0,26.33187091497689,17.774666587357984,0.15580316752749135,0.38157147144496006,10,1.2125088135299689,1.099846889456536,0.2011888016683161,0.0,0.0,0.0,0.10016524924678301,0.10102355242153316
1160,1,0,1,0.065672971690492,4.0,26.286516423707145,17.830770005921643,0.14122604998154634,0.3654467120597517,10,1.1134123648522865,1.102663437558372,0.1842112615869205,0.0,0.0,0.0,0.08746270527566993,0.09674855631125061
1161,1,0,1,0.06565129719756421,4.0,26.25181497069117,17.890191611723136,0.12638310547085155,0.3491115847306209,10,1.1276523135262382,1.1029321607407199,0.1870684310389536,0.0,0.0,0.0,0.08905766706416883,0.09801076397478475
1162,1,0,1,0.0656304853146439,4.0,26.223516749980107,17.954843093456375,0.1114336058960348,0.33255510600221544,10,1.139903425582534,1.1035501645603576,0.18903586981933268,0.0,0.0,0.0,0.08969699744890046,0.09933887237043222
1163,1,0,1,0.06543526764679547,4.0,26.279233839690896,18.010387960312904,0.09450927979667965,0.3159286998421727,10,1.2157209526532309,1.1044589960859121,0.20130439355638766,0.0,0.0,0.0,0.10154595659613092,0.09975843696025673
1164,1,0,1,0.06542111255400959,4.0,26.335409695108755,18.06372130899678,0.07753346091538836,0.29933550860692343,10,1.2167497491018266,1.107240545000095,0.20141406069924336,0.0,0.0,0.0,0.10185491328774776,0.09955914741149563
1165,1,0,1,0.06543937756123996,4.0,26.381766447334748,18.10906891227433,0.060759048328741204,0.28295518641878065,10,1.2016826306061814,1.1099782751026384,0.19892840864874003,0.0,0.0,0.0,0.10064647551988296,0.09828193312885701
1166,1,0,0,0.06562000577516246,4.0,26.34517832883705,18.163794392779103,0.04594821779826699,0.2665597439806867,10,1.1304082459973062,1.1122708839902269,0.18723763781140831,0.0,0.0,0.0,0.08886498318284529,0.098372654628563
1167,1,0,1,0.0654299867260946,4.0,26.395355912706364,18.20160762509293,0.029075242271630674,0.2503210041672205,10,1.2007151342235403,1.1127243180404038,0.19867029204061545,0.0,0.0,0.0,0.10123785315981787,0.09743243888079761
1168,1,2,1,-0.23420052802939254,3.7657994719706074,26.24654301629533,18.23648703361833,0.01688855213610797,0.47554951757775904,10,1.000990600559355,1.1149240884449823,0.16700794267500152,0.054741117674903084,0.0,0.0,0.07825987264049042,0.09388780186186528
1169,1,0,1,0.06540869897665753,3.831208170947265,26.09833988798297,18.280984170683162,0.004548676037776545,0.4590759640673458,10,1.008369760000309,1.1120757512478416,0.1728805776524682,0.0,0.0,0.0,0.10187094470691557,0.09884132106247964
1170,1,1,1,-0.23428737707520553,3.5969207938720595,26.0383059961383,18.31401947071086,0.24056742320346258,0.4432783189257609,10,1.082484509649678,1.1094831014666533,0.17867338785539336,0.0,0.0,0.0,0.08388751700588386,0.09478587084950948
1171,1,0,1,0.06541053654887326,3.662331330420933,26.103608414440412,18.35772399650699,0.2235189647899766,0.4267372016881894,10,1.2178150807694748,1.108808136671229,0.20153745390634475,0.0,0.0,0.0,0.10229075048091575,0.09924670342542907
1172,1,1,1,-0.2345888879232556,3.427742442497677,26.164302050416563,18.39654127122177,0.45654052863256506,0.4103136113192927,10,1.2110442209646175,1.111533310273685,0.20041215915784882,0.0,0.0,0.0,0.10187061694446904,0.09854154221337974
1173,1,0,1,0.06565878115558892,3.493401223653266,26.13792318512069,18.403410412453326,0.44154400050959675,0.39523776869736865,10,1.0945113589766384,1.1140210830409585,0.18043422446935442,0.0,0.0,0.0,0.0899791687378099,0.09045505573154455
1174,1,0,1,0.06541585059298499,3.5588170742462513,26.19543579381454,18.436109606217947,0.4245864372135672,0.3790171755064766,10,1.203745142397824,1.1135333399393503,0.1990689389215299,0.0,0.0,0.0,0.10174537977617765,0.09732355914535226
1175,1,0,1,0.06539308524426303,3.6242101594905143,26.250778173708873,18.471240841183963,0.40765081785926105,0.36266581057139763,10,1.2062622498611533,1.1157886350008124,0.19972190573631105,0.0,0.0,0.0,0.10161371612583706,0.09810818961047398
1176,1,0,1,0.06559905203500001,3.6898092115255143,26.232191993638054,18.489037512731823,0.3924164854251739,0.34716411551411014,10,1.1172609668493723,1.1180504753723208,0.18441616494824764,0.0,0.0,0.0,0.09140599460452296,0.09301017034372465
1177,1,0,1,0.0656086829689706,3.755417894494485,26.210943801482266,18.50697518487103,0.3772569921891071,0.3316724920304604,10,1.1147202176426598,1.118030737659247,0.18390670031829967,0.0,0.0,0.0,0.09095695941640099,0.0929497409018987
1178,1,0,1,0.06541006788573026,3.8208279623802155,26.264603700713277,18.53752585267167,0.36036945730940767,0.3154293629912915,10,1.2021585416904859,1.1179479746588323,0.19878398351320897,0.0,0.0,0.0,0.10132520927819585,0.09745877423501312
1179,1,0,1,0.06541388879038239,3.886241851170598,26.311605540175048,18.565560440179908,0.34361203749753383,0.29922500141699987,10,1.1950896658046304,1.1200532388346236,0.19777068831699288,0.0,0.0,0.0,0.10054451887124301,0.09722616944574988
1180,1,0,1,0.06558685413773338,3.9518287053083316,26.288377186452486,18.588995658793742,0.3284681217129454,0.2835011471751652,10,1.1221360144001509,1.121929149508874,0.1852066201585385,0.0,0.0,0.0,0.09086349470753073,0.0943431254510078
1181,1,0,1,0.06556993785531888,4.0,26.27573434653872,18.614997033854664,0.3131310467875113,0.26763151686484415,10,1.135292856278309,1.1219343211311559,0.18724023141453136,0.0,0.0,0.0,0.09202244955260465,0.09521778186192674
1182,1,0,1,0.0655678306074365,4.0,26.266875507732017,18.640135401558524,0.297732875268713,0.2517395198679337,10,1.1385478134069917,1.1222682845098346,0.18774101109425234,0.0,0.0,0.0,0.09238902911278987,0.09535198198146247
1183,1,0,1,0.06540788892748205,4.0,26.317176884085587,18.66610383409411,0.2809130865906775,0.2355275864268543,10,1.198945081621422,1.1226752727322635,0.19819033271468955,0.0,0.0,0.0,0.10091873206821321,0.09727160064647633
1184,1,0,0,0.06541624343992196,4.0,26.363938552736798,18.688334203273186,0.26414642811030853,0.2194253982857336,10,1.193574055784775,1.1245820179544925,0.19721307972893803,0.0,0.0,0.0,0.10059995088221343,0.09661312884672457
1185,1,0,1,0.06561958209234342,4.0,26.324651636043793,18.708568143351442,0.2493653454453791,0.2037322232692801,10,1.107253842285504,1.1263068189002496,0.18284554608829787,0.0,0.0,0.0,0.08868649598957698,0.09415905009872086
1186,1,0,1,0.0656202698765771,4.0,26.286392281042353,18.729062879939587,0.2346072424317307,0.18802142235889088,10,1.108065876071588,1.125830494484881,0.18281342354422556,0.0,0.0,0.0,0.08854861808189031,0.09426480546233526
1187,1,0,1,0.06560852206778992,4.0,26.256430212586668,18.754212503907258,0.21967371629542606,0.17212029875142135,10,1.120573934536533,1.1253863790245484,0.18500789846264498,0.0,0.0,0.0,0.0896011568178279,0.0954067416448171
1188,1,0,1,0.06563670338303373,4.0,26.222228241202025,18.770032447658398,0.2048521064019607,0.15651835244943665,10,1.106884040278843,1.1252660679123483,0.18254133717270057,0.0,0.0,0.0,0.08892965936079227,0.0936116778119083
1189,1,2,0,-0.23439130752748363,3.7656086924725165,26.197182683978454,18.791497141811952,0.1898500493969331,0.3907096292000158,10,1.1212256541514949,1.1248065172215105,0.18486468152669078,0.0,0.0,0.0,0.0900123420301654,0.09485233949652541
1190,1,0,1,0.06538466957182314,3.8309933620443397,26.260791051683853,18.8142974296226,0.17276312167834415,0.37449829640008186,10,1.2111256511608053,1.1247169956447602,0.19978956311113713,0.0,0.0,0.0,0.10252156631153381,0.0972679967996033
1191,1,0,1,0.06537368040339896,3.896367042447739,26.32079261030723,18.83747932704749,0.15573242281047803,0.3582420640847455,10,1.2100606680809247,1.1268772120326611,0.19972158709921428,0.0,0.0,0.0,0.10218419320719664,0.09753739389201765
1192,1,0,0,0.06555372395228158,3.9619207664000204,26.304082840658797,18.863036761926747,0.14047924516583674,0.34218076068881337,10,1.1378044636646933,1.1289567984338678,0.18788688624344105,0.0,0.0,0.0,0.09151906586784787,0.09636782037559319
1193,1,0,1,0.06555254972998108,4.0,26.28225119251449,18.889030199892687,0.12537921517074072,0.32614396653538114,10,1.1333397798862803,1.1291779900646386,0.18682094489116952,0.0,0.0,0.0,0.09060017997057598,0.09622076492059353
1194,1,0,1,0.06537994681691917,4.0,26.343850790107858,18.903830037132252,0.10828880952997626,0.31011425454438646,10,1.2056814696431042,1.1292820348101795,0.19872070579055506,0.0,0.0,0.0,0.10254243384458683,0.09617827194596823
1195,1,2,1,-0.23462927605164616,3.765370723948354,26.403713996879123,18.914101353003424,0.09120089895886802,0.4840722860227755,10,1.201326543323439,1.1311920206810029,0.19809374728999601,0.36068552726631864,0.0,5.551115123125783e-17,0.10252746342664935,0.09556628386334669
1196,1,0,1,0.06535117809126696,3.830721902039621,26.460568452729536,18.934406570110447,0.07415451338144619,0.46785035732983005,10,1.2101050567045042,1.1329453837470638,0.19960988562220394,0.0,0.0,0.0,0.102278313464531,0.09733157215767292
1197,1,0,1,0.06555662670927966,3.8962785287489003,26.425713170834822,18.953206383726148,0.059259428908922995,0.4519878366407717,10,1.118818907291983,1.1348743755709996,0.18454563096948937,0.0,0.0,0.0,0.0893705068351391,0.0951751241343503
1198,1,0,1,0.06560397661719504,3.9618825053660953,26.373165417698292,18.96492234559055,0.04488482143057936,0.43636357277830595,10,1.0936411975919018,1.1344729888640241,0.1799932280448559,0.0,0.0,0.0,0.08624764487006188,0.09374558317479406
1199,1,2,1,-0.23432508174806174,3.7275574236180335,26.30454749311756,18.962938353111177,0.03091761186388149,0.4848166680298936,10,1.0628502770221133,1.1334521940822213,0.17490324922082545,1.118181436669836,0.0,5.551115123125783e-17,0.08380325740018722,0.09109999182063822
1200,1,0,1,0.06552548325789102,3.7930829068759246,26.282459882218713,18.9891099240243,0.015799279318557936,0.46866710567657566,10,1.1357711061699955,1.1316871461557185,0.1876073693918488,0.0,0.0,0.0,0.09129823875594632,0.09689737411990752
1201,1,2,1,-0.23446381000588604,3.5586190968700384,26.048391826855237,19.01090052753613,0.005506579706841901,0.48395875117269477,10,0.9195117933044274,1.1317892451560754,0.15800369063412753,1.3120026340594544,0.0,5.551115123125783e-17,0.09139432309172649,0.09624749296383131
1202,1,1,1,-0.23437529516731037,3.3242438017027283,26.01772395385436,19.01698600856257,0.2408060151053731,0.46846808436922244,10,1.1018999168853432,1.1264823088597844,0.18114738842964687,0.0,0.0,0.0,0.08820338760881302,0.09294400082083383
1203,1,1,0,-0.23441660897246008,3.0898271927302683,26.00610658505436,19.021106607190987,0.47478176842252884,0.4529929220418496,10,1.118370978888843,1.1258677490604232,0.18427866982596913,0.004717784235333422,0.0,0.0,0.09142769586173191,0.0928509739642372
1204,1,1,1,-0.23435827850005334,2.8554689142302148,25.98951474081106,18.994296228193793,0.4848962414876721,0.4384733451237149,10,1.082278106565639,1.1256803298061338,0.17774001258277586,1.348690610535173,0.0,5.551115123125783e-17,0.09062255107396752,0.08711746150880835
1205,1,1,0,-0.23426929087112558,2.621199623359089,25.953654174810914,18.946401186101077,0.4853707531998692,0.4246735214786213,10,1.0408396661322596,1.1245952742251215,0.17057442267134595,1.4093774489260325,0.0,5.551115123125783e-17,0.08777548080078476,0.08279894187056121
1206,1,0,1,0.06590574678330788,2.687105370142397,25.88367356072379,18.85773798689945,0.4715009793508253,0.4124757607803869,10,0.9638575707340505,1.1225013840227998,0.15640520728367013,0.0,0.0,0.0,0.0832186430942631,0.07318656418940704
1207,1,0,1,0.06540940235258266,2.7525147724949797,25.967928890772054,18.867978629577692,0.45406647574902953,0.39664573511551504,10,1.2130312614170862,1.1185352886905808,0.19958717560000558,0.0,0.0,0.0,0.10460702161077481,0.09498015398923075
1208,1,0,1,0.06540165690794911,2.8179164294029286,26.042379018320226,18.88158107994979,0.43680626467606515,0.3806712426425573,10,1.2089502659290126,1.1208976880087436,0.19940822127553298,0.0,0.0,0.0,0.10356126643778621,0.09584695483774677
1209,1,0,1,0.06541085092522765,2.883327280328156,26.11158308436146,18.890568290154256,0.41963763671050835,0.36483475446091235,10,1.201290278702451,1.1230990024567504,0.19803069688321018,0.0,0.0,0.0,0.10301176779334065,0.0950189290898695
1210,1,0,1,0.06581266495392979,2.949139945282086,26.049917915863933,18.835854257330332,0.40547877139496435,0.35151790483014067,10,1.0086745830414443,1.1250537843628927,0.1648542896778939,0.0,0.0,0.0,0.08495319189326399,0.07990109778462992
1211,1,0,1,0.0657052737950412,3.0148452190771273,26.020716325174927,18.809377805171934,0.39065895028446923,0.33717618183299786,10,1.0664662614824545,1.1221443043298567,0.1749692646458279,0.0,0.0,0.0,0.08891892666297073,0.08605033798285716
1212,1,0,1,0.06573058874605475,3.080575807823182,25.986910141504417,18.78158662118925,0.37600805982429725,0.32287375230976295,10,1.059154985605474,1.1207523532586716,0.17371991990044103,0.0,0.0,0.0,0.08790534276103187,0.08581457713940915
1213,1,0,1,0.06543746896517962,3.146013276788362,26.05230331895082,18.7954807204098,0.3589591720751113,0.3069243872581368,10,1.1984996957342973,1.1192124190673418,0.19798951680487287,0.0,0.0,0.0,0.10229332649511574,0.09569619030975712
1214,1,0,1,0.06573774185382,3.211751018642182,26.007404888075634,18.772669140421318,0.34445295904068196,0.2925896386755189,10,1.0534845901203425,1.1211946009840155,0.17304576970228353,0.0,0.0,0.0,0.087037278206576,0.08600849149570754
1215,1,0,0,0.06567059985145997,3.277421618493642,25.991237254775527,18.76309505298089,0.32936721276457687,0.27772820039643364,10,1.093760129971892,1.1195018507124237,0.17968310733114218,0.0,0.0,0.0,0.09051447765663082,0.08916862967451138
1216,1,0,1,0.06543956864072324,3.3428611871343654,26.056251330777734,18.780867029830965,0.31234183532268095,0.2616846251424886,10,1.2016443605461955,1.1188583076939105,0.1984137161750461,0.0,0.0,0.0,0.10215226465137575,0.09626145152367037
1217,1,0,1,0.06545233580013654,3.408313522934502,26.11384685057774,18.794169199813624,0.2954495362390002,0.24576124271960978,10,1.1918256487978787,1.1209279590152175,0.19689408903935673,0.0,0.0,0.0,0.10135379450208397,0.0955402945372728
1218,1,0,1,0.06567641994233027,3.473989942876832,26.085841152268515,18.791354336899026,0.280575172554316,0.2307029571079835,10,1.0918798400359646,1.122700401259784,0.1795958957778629,0.0,0.0,0.0,0.08924618210810506,0.0903497136697578
1219,1,0,1,0.0656821765574206,3.5396721194342526,26.060756717506806,18.787109454047105,0.2656703958781585,0.21565223532745972,10,1.0926005696155516,1.1219298872291885,0.17973299074008786,0.0,0.0,0.0,0.08942866005694529,0.09030433068314256
1220,1,0,1,0.0654491049933373,3.60512122442759,26.119687388119914,18.802742228921183,0.2487663638626089,0.19963414077029376,10,1.195760099776039,1.1211966542888478,0.19753275943629336,0.0,0.0,0.0,0.10142419209329762,0.09610856734299575
1221,1,0,1,0.06545155004816401,3.6705727744757537,26.174025014582057,18.816142962325987,0.23193373492144906,0.1836874846065899,10,1.1907991002929705,1.1230607404260273,0.1966757106291821,0.0,0.0,0.0,0.10099577364695894,0.09567993698222314
1222,1,0,1,0.06563890412202901,3.736211678597783,26.14728445151028,18.828759807468607,0.21700973761360856,0.1681105073022726,10,1.1106304814935466,1.124754199422701,0.18300584767294698,0.0,0.0,0.0,0.08954398384704301,0.09346186382590393
1223,1,0,1,0.06542311652007356,3.8016347951178564,26.20760978351207,18.84395061849838,0.20002158870361544,0.15206957250938494,10,1.1999172495060302,1.1244011064744723,0.1981745022172846,0.0,0.0,0.0,0.10192889345995876,0.09624560875732587
1224,1,0,1,0.06544094529386875,3.867075740411725,26.261613665814572,18.854431510125167,0.1831460862648144,0.13618851926461384,10,1.1907737839795547,1.1262890100502612,0.1965393341014329,0.0,0.0,0.0,0.10125301463280628,0.09528631946862662
1225,1,0,1,0.0654171737848302,3.9324929141965552,26.317166235068775,18.866249962560723,0.16620780910715052,0.12024642039369017,10,1.1952721510882534,1.1279011293984935,0.19728225617152517,0.0,0.0,0.0,0.10162966294598325,0.09565259322554195
1226,1,0,1,0.06542911315896871,3.997922027355524,26.36694530954025,18.87296453222786,0.1493645171747935,0.10446124741334639,10,1.1860790490793476,1.1295854049407374,0.19577078947620496,0.0,0.0,0.0,0.10105975159414217,0.0947110378820628
1227,1,0,1,0.06540710366735605,4.0,26.418384631653076,18.879981840948254,0.1324524950148674,0.0886621033646409,10,1.1894543768774248,1.1309977460442027,0.19626699725178956,0.0,0.0,0.0,0.10147213295955657,0.09479486429223297
1228,1,0,1,0.06570617267310139,4.0,26.350609693836873,18.88187397863811,0.11841649054931713,0.0734710966951315,10,1.0665763616886879,1.1324591618150335,0.17536206681035799,0.0,0.0,0.0,0.08421602679330153,0.09114604001705646
1229,1,0,0,0.06542802966544375,4.0,26.399580500798635,18.884803534621433,0.10156904226324844,0.05781275676146242,10,1.1827124547569587,1.1308120918118747,0.19503472931842653,0.0,0.0,0.0,0.10108468971641216,0.09395003960201434
1230,1,0,1,0.06540976734413356,4.0,26.45100456390495,18.888645971360063,0.08463222928781754,0.042132898068476594,10,1.1873761007304486,1.1321096008855018,0.19570003001050046,0.0,0.0,0.0,0.10162087785258551,0.09407915215791496
1231,1,0,1,0.06565771526163344,4.0,26.399182432714593,18.902073063783938,0.07018388441097713,0.026521174202083577,10,1.095096224615141,1.1334912633816254,0.18036041245940052,0.0,0.0,0.0,0.08669006926104236,0.09367034319835812
1232,1,0,0,0.0654130818669298,4.0,26.450444733451327,18.774670861780194,0.05324693854590925,0.01518574353995047,10,1.0563914861454555,1.1325313874124632,0.16963425916320596,0.0,0.0,0.0,0.10162167519040732,0.09347398774105009
1233,1,2,1,-0.23456651483157057,3.7654334851684292,26.494972846956657,18.777347852882908,0.03643831947376634,0.24964001163844604,10,1.177832994488829,1.1306278898807882,0.19412610584188408,0.0,0.0,0.0,0.10085171443285745,0.09327439140902667
1234,1,2,1,-0.23421306779008427,3.531220417378345,26.38020229515616,18.78206237742494,0.02350053248788338,0.47190469986121775,10,1.0217519902375227,1.1318080174959892,0.16862654621952516,0.0754120463591419,0.0,0.0,0.07762672191529776,0.09099982430422739
1235,1,0,1,0.0655719750903984,3.5967923924687435,26.264380838649398,18.808474578226235,0.010412327516323396,0.4558977354242439,10,1.039647361109064,1.1290566168145275,0.17457101645120338,0.0,0.0,0.0,0.09015811761201747,0.09604178662184346
1236,1,0,1,0.06537610038717608,3.6621684928559195,26.013395146519194,18.8285476467721,0.0007644635526716659,0.4397189740514851,10,0.8959087618375491,1.126821385421891,0.1549597520184636,0.0,0.0,0.0,0.10284613368177141,0.0970725682365532
1237,1,0,1,0.06537526360827854,3.727543756464198,25.39975451838445,18.84655118829662,0.0,0.42361824570923234,10,0.5254114832220571,1.1210485698322823,0.10119115136954604,0.0,0.0,0.0,0.10407627251287668,0.09660437005351605
1238,1,0,1,0.06562020649806766,3.7931639629622658,24.764760655424837,18.865623646682756,0.0,0.40781292786142337,10,0.4902362380935529,1.1061576426670268,0.09483190708685367,0.0,0.0,0.0,0.09262099227408119,0.09483190708685367
1239,1,0,0,0.0654607086693644,3.85862467163163,24.145641639039216,18.87212721753572,0.0,0.39205101600868036,10,0.4781441620200318,1.0907596075526897,0.09457147111645794,0.0,0.0,0.0,0.10796332367534597,0.09457147111645794
1240,1,0,1,0.06575371933461507,3.924378390966245,23.542000598063236,18.86999819071712,0.0,0.3769184420354866,10,0.4696741536197934,1.0754442214143736,0.09079544383916298,0.0,0.0,0.0,0.09199449501349174,0.09079544383916298
1241,1,0,0,0.06574067309300696,3.990119064059252,22.953450583111653,18.871763035329167,0.0,0.36157579540202817,10,0.4735147993799767,1.060299969719509,0.09205587980075067,0.0,0.0,0.0,0.09671617869370691,0.09205587980075067
1242,1,0,1,0.0658048004563751,4.0,22.379614318533868,18.8614541483225,0.0,0.34658780132925965,10,0.46148518887656376,1.0456303404610208,0.08992796443661083,0.0,0.0,0.0,0.09670643608096263,0.08992796443661083
1243,1,0,1,0.06585088263952515,4.0,21.82012396057052,18.84363025860982,0.0,0.3318118652246718,10,0.4537124639953801,1.0310267116714091,0.08865561662752694,0.0,0.0,0.0,0.09788713177545308,0.08865561662752694
1244,1,0,1,0.06565035355713789,4.0,21.27462086155625,18.832997219121914,0.0,0.31661262394811834,10,0.46045771697734156,1.0165938554795084,0.09119544765932093,0.0,0.0,0.0,0.11403307525212725,0.09119544765932093
1245,1,0,1,0.06568626229624407,4.0,20.742755340017347,18.818262609698653,0.0,0.30155900164503546,10,0.4560903210547839,1.0026904520169544,0.09032173381849727,0.0,0.0,0.0,0.1147399857135861,0.09032173381849727
1246,1,0,1,0.0658668457746566,4.0,20.22418645651691,18.805210586544774,0.0,0.28662429984437837,10,0.45740454208858783,0.9890254487429,0.0896082108039429,0.0,0.0,0.0,0.10404444751918093,0.0896082108039429
1247,1,0,0,0.0657646968832026,4.0,19.718581795103994,18.779451179300416,0.0,0.27191942795928603,10,0.44437085741926297,0.9757349260765422,0.08822923131055375,0.0,0.0,0.0,0.11573192897155388,0.08822923131055375
1248,1,0,1,0.06578589713684804,4.0,19.225617250226392,18.755272936683443,0.0,0.25718730582744315,10,0.44530803686553605,0.9624508243601102,0.08839273279105728,0.0,0.0,0.0,0.11649915890176127,0.08839273279105728
1249,1,0,1,0.06581604215142821,4.0,18.74497681897073,18.73013252611507,0.0,0.24249117862197256,10,0.44374141284871027,0.9495222546727458,0.08817676323282349,0.0,0.0,0.0,0.11697185632256665,0.08817676323282349
1250,1,0,1,0.06586571926005133,4.0,18.276352398496464,18.696885591027076,0.0,0.2280793351425543,10,0.43500637806488396,0.936877733627145,0.08647106087650981,0.0,0.0,0.0,0.11634557656687228,0.08647106087650981
1251,1,0,1,0.06588509331241664,4.0,17.819443588534053,18.665007637194993,0.0,0.21363311983062072,10,0.4355441859435954,0.9243309497380885,0.08667729187160138,0.0,0.0,0.0,0.11699979165118991,0.08667729187160138
1252,1,0,0,0.06592276027490404,4.0,17.3739574988207,18.62821959386085,0.0,0.1993696326537299,10,0.42983714759573166,0.9121112806432262,0.08558092306134496,0.0,0.0,0.0,0.11667594523335822,0.08558092306134496
1253,1,0,1,0.06607013600326551,4.0,16.939608561350184,18.598827008286598,0.0,0.1850605668595239,10,0.4363129042722702,0.9000544273170389,0.0858543947652357,0.0,0.0,0.0,0.10813193941690069,0.0858543947652357
1254,1,0,1,0.06601230140899327,4.0,16.51611834731643,18.5554831158306,0.0,0.17103357826927734,10,0.42162678275116794,0.8884608892409196,0.0841619315414795,0.0,0.0,0.0,0.11542556073796933,0.0841619315414795
1255,1,0,1,0.06603878184429392,4.0,16.103215388633515,18.512484212825587,0.0,0.15705124360078718,10,0.4208881748907504,0.8767900365786758,0.08389400801094098,0.0,0.0,0.0,0.11507523004825657,0.08389400801094098
1256,1,0,1,0.06615563663081399,4.0,15.70063500391768,18.477728093411777,0.0,0.14301023927846154,10,0.4280559859068245,0.8653924900364778,0.08424602593395378,0.0,0.0,0.0,0.10762490159008418,0.08424602593395378
1257,1,0,1,0.066105737115822,4.0,15.308119128819737,18.431268002314198,0.0,0.1292034162058102,10,0.4154831112377182,0.8544590774332363,0.08284093843590808,0.0,0.0,0.0,0.11416007472807863,0.08284093843590808
1258,1,0,0,0.06614511325027791,4.0,14.925416150599244,18.38150571444681,0.0,0.11550309121969449,10,0.41101941219047106,0.8434846782783484,0.08220194991669433,0.0,0.0,0.0,0.11306468065860745,0.08220194991669433
1259,1,0,1,0.06626463050419532,4.0,14.552280746834262,18.339939829222484,0.0,0.1017466527518906,10,0.4179717576368429,0.8326730466261515,0.08253863080682339,0.0,0.0,0.0,0.1062602818375459,0.08253863080682339
1260,1,0,1,0.06629083340284252,4.0,14.188473728163405,18.298677038175693,0.0,0.08801450628667086,10,0.41723570468376947,0.8223055144014187,0.08239287879131828,0.0,0.0,0.0,0.10593926291036103,0.08239287879131828
1261,1,0,1,0.0663245840220819,4.0,13.833761884959323,18.254614180800466,0.0,0.0744222683547045,10,0.4134040685791651,0.8121787691584775,0.08155342759179825,0.0,0.0,0.0,0.10537032531531126,0.08155342759179825
1262,1,0,0,0.06634695948648565,4.0,13.487917837835338,18.211525959655404,0.0,0.06083352411645108,10,0.4132771333749493,0.8022094016439947,0.08153246542952046,0.0,0.0,0.0,0.10547360872266827,0.08153246542952046
1263,1,0,1,0.06630306442013174,4.0,13.150719891889453,18.158709455970865,0.0,0.047449528966508635,10,0.4024716453068438,0.7924860949372685,0.0803039708996547,0.0,0.0,0.0,0.10909438051113551,0.0803039708996547
1264,1,1,1,-0.23359395201185454,3.7664060479881454,13.553650433575854,18.113231341218295,0.2326531212625184,0.03402633008104005,10,1.1401881606303381,0.782735733696508,0.18462046573770113,0.0,0.0,0.0,0.1040812724248896,0.08075951933370551
1265,1,0,0,0.06628203232287316,3.8326880803110184,13.986909590922883,17.910216627735252,0.21435280900596795,0.026065163308448717,10,1.0219164882338432,0.7916720443698537,0.15756887417485083,0.0,0.0,0.0,0.10980187353930283,0.08150767300812352
1266,1,0,0,0.06634543727035688,3.8990335175813753,14.377652985489107,17.618652854551666,0.19676827294297525,0.022052487677432325,10,0.8966077768490901,0.7974281554664535,0.12958327016405455,0.0,0.0,0.0,0.10550721637795618,0.0821441350476891
1267,1,0,1,0.06636611973409089,3.9653996373154663,14.75039697622037,17.26087239264647,0.17937229535371413,0.020075430869176517,10,0.8148711748270854,0.7999076460010194,0.11623820638510149,0.0,0.0,0.0,0.10437586553556664,0.0827282577680742
1268,1,0,1,0.0663545417183114,4.0,15.116598623247643,16.91313430327814,0.16190867653328392,0.018080580382323293,10,0.8187452918806182,0.800281734221671,0.11675081584370056,0.0,0.0,0.0,0.10478171292258122,0.08524173916853968
1269,1,0,1,0.06628206215179067,4.0,15.508534676144908,16.54484038343547,0.14363623722859853,0.016782141388530927,10,0.8243854562177333,0.8007433231631447,0.11742526979086666,0.0,0.0,0.0,0.10963463582811248,0.08702793385347049
1270,1,0,1,0.0662900454543064,4.0,15.887774633543827,16.188729011908794,0.1254248277982283,0.015412864291882995,10,0.8244629623617575,0.8013343764895094,0.11748411916210874,0.0,0.0,0.0,0.10926845658222116,0.08831107440668343
1271,1,0,1,0.06629957669031314,4.0,16.254385365539115,15.84036226057361,0.10728081201526146,0.014071162530870237,10,0.8201565717964158,0.8019125911363156,0.11691430526387772,0.0,0.0,0.0,0.10886409469780117,0.088879435563426
1272,1,0,1,0.06631388272868156,4.0,16.60731353527072,15.500789589584212,0.08922810886873067,0.01272743906599069,10,0.8157241893950277,0.8023686906528182,0.1163785596684621,0.0,0.0,0.0,0.1083162188791848,0.08922634482384084
1273,1,0,1,0.06633463019068674,4.0,16.947016192320227,15.173192692017253,0.07127540977055374,0.011300704728546725,10,0.8148083376039195,0.8027025781213735,0.11627660061372525,0.0,0.0,0.0,0.10771619458906145,0.0896390531071073
1274,1,1,1,-0.2336696251744673,3.766330374825533,17.27857934739511,14.851763940872443,0.30330752472950345,0.00992210791531767,10,0.8131396260385066,0.803005222108437,0.11607889112567601,0.0,0.0,0.0,0.10780731024630169,0.09037114861805715
1275,1,0,1,0.06631195615922487,3.8326423309847577,17.601553302904627,14.545075260185767,0.2853221333263222,0.008383883681147768,10,0.8195438570295339,0.8032585822066888,0.11714169382410669,0.0,0.0,0.0,0.10791234841908728,0.09175744521167732
1276,1,0,1,0.06643890885801386,3.8990812398427717,17.85995096808055,14.257197447754042,0.2687134865541991,0.00658033441750682,10,0.7741855668214591,0.8036657140772598,0.11047317621458468,0.0,0.0,0.0,0.09965188063273898,0.0884024002755496
1277,1,0,1,0.06635013081823565,3.9654313706610074,18.15630593279007,13.965058919808765,0.2510153411400459,0.005049586602064591,10,0.8071451471601053,0.8029287103958649,0.1153733593775726,0.0,0.0,0.0,0.10618887248491923,0.09150875811441418
1278,1,0,1,0.06636552501162364,4.0,18.44008734465504,13.682413708898448,0.23343484703047612,0.0034666994095669153,10,0.8041703222696263,0.8030341213149709,0.11498028781240469,0.0,0.0,0.0,0.10548296465741863,0.0911096972555504
1279,1,0,1,0.06636249274417252,4.0,18.71322881393565,13.408159562497662,0.2159332640232947,0.0018522661638126988,10,0.801949849218661,0.8030625263388372,0.11469609751761357,0.0,0.0,0.0,0.10500949804308829,0.09177748315914308
1280,1,0,0,0.06638745630212672,4.0,18.97357448565096,13.139932553468434,0.19856842312225775,0.00025757616302197534,11,0.7951533720969118,0.8030347094108329,0.11375718541096644,0.0,0.0,0.0,0.1041890454062221,0.09128645579487214
1281,1,0,0,0.06639586000914173,4.0,19.226126021165697,12.822252438478644,0.18122042949467612,0.0,11,0.7377090965029339,0.8028376759779849,0.10563341874362131,0.0,0.0,0.0,0.10408796176548946,0.09063052346418593
1282,1,0,1,0.06641440467094596,4.0,19.464933157330712,12.501696127516677,0.16404364869398474,0.0,11,0.7194602866941576,0.8012094614911085,0.10306068480414848,0.0,0.0,0.0,0.10306068480414848,0.08963305281303012
1283,1,0,1,0.06643388925089597,4.0,19.69454056601635,12.189153724328762,0.14694063485800168,0.0,11,0.716230737618905,0.7991657321211847,0.10261808301589848,0.0,0.0,0.0,0.10261808301589848,0.08904047843054598
1284,1,0,0,0.06655910949491758,4.0,19.862936295478,11.884424881220543,0.13123994818634085,0.0,11,0.6607592436120597,0.7970923572586278,0.09420412002996498,0.0,0.0,0.0,0.09420412002996498,0.08528294886938377
1285,1,0,1,0.06658428007568819,4.0,20.01830400755262,11.587314259190027,0.11576836600746736,0.0,11,0.6519411194615692,0.7936840294174636,0.09282949307324093,0.0,0.0,0.0,0.09282949307324093,0.08432966809453586
1286,1,0,0,0.06661050898323535,4.0,20.15973945183917,11.297631402710277,0.10053331235491725,0.0,11,0.6418930444753643,0.7901404566685661,0.09141032191530063,0.0,0.0,0.0,0.09141032191530063,0.08337857240252232
1287,1,0,0,0.06664965063734743,4.0,20.287910665816714,11.01519061764252,0.0855291787349056,0.0,11,0.6321647002735249,0.7864342713637361,0.09002480172006988,0.0,0.0,0.0,0.09002480172006988,0.08137874668917092
1288,1,0,1,0.06667040967845961,4.0,20.40544272996717,10.739810852201458,0.07071332417320564,0.0,11,0.624729830795875,0.782577532086481,0.08889512737019975,0.0,0.0,0.0,0.08889512737019976,0.0806064632731861
1289,1,0,1,0.06655237299766997,4.0,20.576414791663954,10.471315580896421,0.0544154450226711,0.0,11,0.6811081299459627,0.7786313395542157,0.09778727490320727,0.0,0.0,0.0,0.09778727490320727,0.08461076984934411
1290,1,0,0,0.06673796067918353,4.0,20.670647260230112,10.20953269137401,0.03997703256500273,0.0,11,0.608642838357756,0.7761932593140095,0.08663047474601024,0.0,0.0,0.0,0.08663047474601024,0.07754801480684499
1291,1,0,1,0.0667657993138681,4.0,20.755082222828204,9.95429437408966,0.025713980438981612,0.0,11,0.6012011441038443,0.7720044987901031,0.08557831275612665,0.0,0.0,0.0,0.08557831275612666,0.07584596413561012
1292,1,0,1,0.06678205309191312,4.0,20.769738694879486,9.70543701473742,0.012965494751582774,0.0,11,0.5335335276219891,0.7677344149229466,0.07649091412439304,0.0,0.0,0.0,0.08530706104876207,0.07526538107427283
1293,1,0,1,0.06682309172418228,4.0,20.603803307668723,9.462801089368984,0.004518388925356619,0.0,11,0.35330808016122345,0.7618793927404227,0.05068263495735693,0.0,0.0,0.0,0.08400281682316699,0.07358979980579627
1294,1,0,1,0.06684888903515565,4.0,20.25922358508913,9.22623106213476,0.0,0.0,11,0.17051536011212565,0.7516651099259427,0.027110333552139716,0.0,0.0,0.0,0.08429905613436897,0.07288148517830871
1295,1,0,1,0.06690974282600268,4.0,19.752742995461904,8.99557528558139,0.0,0.0,11,0.0,0.7371363661805973,0.0,0.0,0.0,0.0,0.08302634298504961,0.0703123929862669
1296,1,0,1,0.06694656487676824,4.0,19.258924420575354,8.770685903441855,0.0,0.0,11,0.0,0.7187079570260824,0.0,0.0,0.0,0.0,0.08401963084324217,0.06985586216314718
1297,1,0,1,0.06682246089385135,4.0,18.77745131006097,8.55141875585581,0.0,0.0,11,0.0,0.7007402581004303,0.0,0.0,0.0,0.0,0.09357284098328714,0.0751038475253036
1298,1,0,1,0.06689976838815508,4.0,18.308015027309445,8.337633286959413,0.0,0.0,11,0.0,0.6832217516479195,0.0,0.0,0.0,0.0,0.09219616851727645,0.07259866877251026
1299,1,0,1,0.06711756516245014,4.0,17.85031465162671,8.129192454785429,0.0,0.0,11,0.0,0.6661412078567215,0.0,0.0,0.0,0.0,0.08288933457440216,0.06398601038497354
1300,1,0,1,0.06717042007165815,4.0,17.404056785336042,7.925962643415793,0.0,0.0,11,0.0,0.6494876776603035,0.0,0.0,0.0,0.0,0.08247757379012552,0.0623747773640747
1301,1,0,1,0.06706127557438507,4.0,16.96895536570264,7.727813577330398,0.0,0.0,11,0.0,0.6332504857187959,0.0,0.0,0.0,0.0,0.09022744883699774,0.06773342768427199
1302,1,0,1,0.06728361512489382,4.0,16.544731481560078,7.5346182378971385,0.0,0.0,11,0.0,0.617419223575826,0.0,0.0,0.0,0.0,0.08110963619736719,0.059167423261466574
1303,1,0,0,0.06733464745699932,4.0,16.131113194521074,7.34625278194971,0.0,0.0,11,0.0,0.6019837429864303,0.0,0.0,0.0,0.0,0.08033278088709281,0.05784655910034876
1304,1,0,1,0.06724777773385607,4.0,15.727835364658048,7.162596462400967,0.0,0.0,11,0.0,0.5869341494117696,0.0,0.0,0.0,0.0,0.08652455633062046,0.06160573047095485
1305,1,1,1,-0.23254889811597212,3.7674511018840278,15.875746448630228,6.983531550840944,0.23705535095478023,0.0,11,0.5411069680886329,0.5722607956764754,0.0776678942713189,0.0,0.0,0.0,0.07766789427131889,0.05451339405390947
1306,1,0,1,0.06745699974464799,3.8349081016286757,16.016175717038124,6.808943262069919,0.22419638668488548,0.0,11,0.5373229296236502,0.5714819499867794,0.07715378561936832,0.0,0.0,0.0,0.07715378561936832,0.05365893823227728
1307,1,0,1,0.06733688641798402,3.9022449880466596,16.195886850675734,6.638719680518171,0.21027734834490452,0.0,11,0.5801155265635638,0.5706279744777011,0.08351423003988555,0.0,0.0,0.0,0.08351423003988556,0.05725655351382496
1308,1,0,1,0.06734056430044823,3.969585552347108,16.36885689138011,6.472751688505217,0.1964090338656996,0.0,11,0.577867211971266,0.5708651632798476,0.08320988687522944,0.0,0.0,0.0,0.08320988687522944,0.056773980513723794
1309,1,1,1,-0.23250328227729322,3.7370822700698145,16.484230693833453,6.310932896292586,0.43385691124243814,0.0,11,0.524595224737852,0.5710402144971332,0.07531273573956905,0.0,0.0,0.0,0.07531273573956905,0.051050754273057844
1310,1,0,1,0.06745861285958417,3.8045408829293987,16.607192862351837,6.153159573885272,0.4210337765591856,0.0,11,0.5350679358642141,0.569879089753151,0.07693880809951475,0.0,0.0,0.0,0.07693880809951475,0.05076241789084804
1311,1,0,1,0.06733816022932905,3.871879043158728,16.766742652759824,5.999330584538139,0.40722860834250335,0.0,11,0.5747296119667848,0.5690088109059277,0.08283100930009366,0.0,0.0,0.0,0.08283100930009366,0.054998227714472235
1312,1,1,1,-0.23264228496514858,3.6392367581935794,16.915528600729257,5.849347319924686,0.4863557025663993,0.0,11,0.5679545142884308,0.569151830932449,0.08186578460160399,0.9433716500550202,0.0,5.551115123125783e-17,0.08186578460160399,0.053941249771548995
1313,1,0,0,0.06734815909027779,3.706584917283857,17.062483873815218,5.703113636926569,0.4726618664844528,0.0,11,0.5698434881041888,0.5691218980163486,0.08216301649167898,0.0,0.0,0.0,0.08216301649167898,0.053447358234431
1314,1,0,1,0.0674898229365821,3.7740747402204393,17.161351616173548,5.560535796003405,0.46007406059498973,0.0,11,0.5254298392037108,0.5691399377685447,0.07552683533677859,0.0,0.0,0.0,0.07552683533677858,0.048003051334325225
1315,1,0,1,0.06737688362622657,3.841451623846666,17.293868495877444,5.421522401103319,0.44657506521218404,0.0,11,0.5615506701082367,0.5680471853044238,0.08099397229683425,0.0,0.0,0.0,0.08099397229683425,0.05137579496355855
1316,1,0,1,0.06736912605454032,3.9088207499012064,17.42291290533748,5.285984341075737,0.43308200921271034,0.0,11,0.5613911218569716,0.5678847724245191,0.0809583359968421,0.0,0.0,0.0,0.0809583359968421,0.051570695313620914
1317,1,0,1,0.06739273622947187,3.9762134861306784,17.540508073058362,5.153834732548843,0.41978484787003006,0.0,11,0.5531679903543197,0.5677224311603305,0.07978296805608143,0.0,0.0,0.0,0.07978296805608143,0.05033688098232925
1318,1,0,1,0.06740861536699197,4.0,17.65255161255872,5.024988864235122,0.40655343168785274,0.0,11,0.5505562413268164,0.5673585701401802,0.07938849709306378,0.0,0.0,0.0,0.07938849709306378,0.04933659805298596
1319,1,0,1,0.06741264961971231,4.0,17.758683606443746,4.899364142629244,0.39340111840297737,0.0,11,0.5474457841989966,0.566938511919846,0.07891387970925216,0.0,0.0,0.0,0.07891387970925215,0.04922259609708238
1320,1,1,1,-0.23257527424368762,3.7674247257563125,17.857308120517615,4.7768800390635135,0.4869602806585183,0.0,11,0.5425916042349594,0.5664511937268248,0.07823831604888995,0.8604067104178645,0.0,5.551115123125783e-17,0.07823831604888994,0.04834750296421929
1321,1,0,1,0.06759032115381709,3.8350150469101294,17.90136938498934,4.657458038086925,0.47522094335552834,0.0,11,0.49049396748466934,0.5658547039895282,0.07043602381793998,0.0,0.0,0.0,0.07043602381793998,0.04241665031560747
1322,1,0,1,0.06743098384806648,3.902446030758196,17.99456561795829,4.541021587134752,0.46221871171054857,0.0,11,0.54073046759368,0.5639706855769068,0.07801338986987837,0.0,0.0,0.0,0.07801338986987837,0.04688496900797847
1323,1,2,1,-0.23237358371369748,3.6700724470444985,18.02013567762684,4.638312633011963,0.4508506161210793,0.24309414890977787,11,0.6862507856730885,0.563389680127326,0.10964368007814852,0.0,0.0,0.0,0.06820857353681567,0.04143510654133284
1324,1,0,1,0.067375286600553,3.7374477336450513,18.121908815167213,4.771872010970544,0.4375739179457692,0.23495048851785091,11,0.8017937232649223,0.5664612077659701,0.12852215140342244,0.0,0.0,0.0,0.07966018905186062,0.04886196235156181
1325,1,2,1,-0.2326491800502139,3.5047985535948376,18.22097657515446,4.907667784739781,0.4243053513864243,0.47662084032326274,11,0.8072080544099299,0.572344520653444,0.1295892885235991,0.0,0.0,0.0,0.07961139935607003,0.04997788916752905
1326,1,2,0,-0.2327162835124568,3.2720822700823806,18.33127290465721,5.050912145938504,0.41070969814761776,0.4913371040691216,11,0.8317567996988323,0.5782161089973561,0.13355129501810845,1.3597250419395763,0.0,5.551115123125783e-17,0.08157391943283847,0.05197737558526999
1327,1,0,1,0.06744579662123011,3.3395280667036107,18.3760402212373,5.165280496639468,0.3986936690798301,0.48342019903774225,11,0.7436902935459446,0.5845546262648931,0.11959760459500283,0.0,0.0,0.0,0.07209617440672626,0.047501430188276586
1328,1,0,1,0.06742979313415057,3.4069578598377612,18.418267850334892,5.281704863803454,0.38671331472639575,0.47535772202868504,11,0.7471850142084973,0.5885330179469193,0.12025698817494909,0.0,0.0,0.0,0.07188212612060571,0.04837486205434338
1329,1,0,1,0.06741487647534974,3.474372736313111,18.462628934673244,5.396685316183465,0.37465947573725966,0.46722523048792164,11,0.75184085457182,0.5924993178534588,0.12111798317939688,0.0,0.0,0.0,0.07232303393481664,0.04879494924458024
1330,1,0,1,0.06738299194388568,3.5417557282569967,18.509747823994516,5.514934286784417,0.36251641551682345,0.45887385011230863,11,0.7618507161936425,0.5964828562714177,0.12296664357629519,0.0,0.0,0.0,0.07285836132261736,0.05010828225367782
1331,1,0,1,0.06737725786907313,3.60913298612607,18.553696983453946,5.635165543812776,0.35042317364455183,0.4503497957927706,11,0.7647974692572618,0.6006170527694734,0.12370377715085831,0.0,0.0,0.0,0.07255945123362993,0.051144325917228395
1332,1,0,1,0.06735827833259482,3.6764912644586647,18.594476660419097,5.757960872820702,0.33838113012725834,0.44166165937333196,11,0.7682965691547444,0.604721563181668,0.12438107962039244,0.0,0.0,0.0,0.0722522611037606,0.05212881851663184
1333,1,0,0,0.0671155571944323,3.743606821653097,18.7107075894653,5.923366682215505,0.32443509651810326,0.4315032341158218,11,0.8904476767720038,0.608810938330995,0.14462675319999138,0.0,0.0,0.0,0.0836762016549306,0.06095055154506081
1334,1,0,1,0.06710128154133403,3.8107081031944308,18.822788527413664,6.088614777699505,0.3105170761021019,0.4211718163052615,11,0.8931808902243827,0.6158518567920201,0.14549662935937027,0.0,0.0,0.0,0.08350812249600832,0.06198850686336196
1335,1,0,1,0.06727888091941932,3.87798698411385,18.86577605793419,6.215942938679449,0.2982708371975637,0.411913881408042,11,0.7931007741283009,0.6227850826278294,0.1290250428105464,0.0,0.0,0.0,0.07347743342722902,0.055547609383317396
1336,1,0,1,0.06725440510954464,3.9452413892233946,18.910750045269097,6.345893925407089,0.285953700272198,0.40243610249886247,11,0.8019679489778853,0.6270429749153411,0.13076949500727125,0.0,0.0,0.0,0.07390282155219421,0.05686667345507703
1337,1,0,1,0.0672370245484976,4.0,18.95598088948558,6.474835589923658,0.27361430180802576,0.3928886647554292,11,0.8055886079999601,0.6314160992669047,0.13132101724563255,0.0,0.0,0.0,0.07403639078503334,0.05728462646059922
1338,1,0,1,0.06701441323550945,4.0,19.068734288172664,6.647666327110915,0.25954500523883317,0.3818026856525683,11,0.9213545478595656,0.6357704119852311,0.15093165403232037,0.0,0.0,0.0,0.0844157794151554,0.066515874617165
1339,1,2,0,-0.23279754107538994,3.76720245892461,19.112313803687318,6.778237708967012,0.24716249021699674,0.49013242833716375,11,0.8170609127528432,0.6429100153820895,0.13350052010803623,0.7908161139154101,0.0,5.551115123125783e-17,0.07429509013101904,0.059205429977017186
1340,1,0,1,0.06695242465035911,3.834154883574969,19.23080730394768,6.956789778236307,0.2328683420839188,0.47859029997086705,11,0.944309357346015,0.6472637878163583,0.1550176589962483,0.0,0.0,0.0,0.08576488879846746,0.06925277019778085
1341,1,1,1,-0.23307092362479348,3.6010839599501754,19.346110770724707,7.137051817349402,0.46657166055314353,0.46682488281185147,11,0.9502554329447217,0.6546899270545996,0.15628398290897394,0.012088609229771063,0.0,0.0,0.08569147995488079,0.07059250295409314
1342,1,0,1,0.06684135189370903,3.6679253118438844,19.476084785279113,7.326354362934241,0.45184993147437913,0.4546463389448096,11,0.981355624841096,0.6620790647018527,0.16140163767483803,0.0,0.0,0.0,0.08833037447258635,0.07307126320225166
1343,1,0,0,0.06700815771921753,3.734933469563102,19.541376066320197,7.473513068433162,0.43866271733554174,0.4436724517350457,11,0.882510965245344,0.6700609787053338,0.1449666080916076,0.0,0.0,0.0,0.0791232848330242,0.06584332325858341
1344,1,0,1,0.06679705893468199,3.801730528497784,19.6699917082815,7.662928070486823,0.4238687174532593,0.4312038038247734,11,0.993402872383797,0.6753722283688341,0.16357588675532805,0.0,0.0,0.0,0.08876399929369455,0.07481188746163353
1345,1,0,1,0.06696586279848034,3.868696391296264,19.728234201437395,7.810573120742228,0.4107301315204372,0.41995570025654744,11,0.8892105378805077,0.6833229944692082,0.14632013700628843,0.0,0.0,0.0,0.0788315155969327,0.06748862140935571
1346,1,0,1,0.0669491656636347,3.9356455569598987,19.788476181064006,7.959152586013404,0.39752505709195773,0.40852882364221893,11,0.8972916279522739,0.6884701830544906,0.14779170625684734,0.0,0.0,0.0,0.07923044657087663,0.0685612596859707
1347,1,0,0,0.06692878572440777,4.0,19.848015166558486,8.106737978902263,0.384304623682262,0.3969964013557788,11,0.9008150975602778,0.6936907191769353,0.14851713417681528,0.0,0.0,0.0,0.07932260045817449,0.0691945337186408
1348,1,0,1,0.06672063937027321,4.0,19.97431720397056,8.29571337388044,0.36939777901270254,0.3839697298885254,11,1.0141462610267706,0.6988688286365189,0.16760109682087732,0.0,0.0,0.0,0.08944106801735671,0.0781600288035206
1349,1,0,1,0.06669690617998805,4.0,20.096485216585858,8.484591372447863,0.3545202842062947,0.37078855369804525,11,1.017796775628992,0.7067507644462752,0.16835202598132792,0.0,0.0,0.0,0.08926496883844695,0.07908705714288101
1350,1,0,1,0.06667182978385335,4.0,20.217906378687406,8.67428867925029,0.33959465719254506,0.3574304709094676,11,1.0256453836298192,0.7145269147258431,0.1697022588139634,0.0,0.0,0.0,0.08955376208249799,0.0801484967314654
1351,1,0,0,0.06664897780831391,4.0,20.33909743913009,8.862864200565495,0.3246044430264095,0.34395052860243513,11,1.032071458206333,0.7223048764484424,0.17082093883900806,0.0,0.0,0.0,0.08994128499681321,0.08087965384219487
1352,1,0,1,0.06663703843693645,4.0,20.455736863241807,9.048647183147898,0.3096558860649004,0.3303900183651432,11,1.0324714476865082,0.7300490409923897,0.17105440319280613,0.0,0.0,0.0,0.08969134176905462,0.08136306142375149
1353,1,0,1,0.06678482490584424,4.0,20.51065046056339,9.19699588556762,0.2961887820755165,0.31796615929070277,11,0.9408719009010497,0.7376096011597426,0.1553457783829462,0.0,0.0,0.0,0.08080262393630344,0.07454315444664275
1354,1,0,0,0.06675434742426356,4.0,20.567660157534842,9.348562208437723,0.2826382099970451,0.3053069597721689,11,0.9512671784948303,0.7426911586532754,0.1572586295820323,0.0,0.0,0.0,0.08130343247082868,0.07595519711120365
1355,1,0,1,0.06659558796641225,4.0,20.680503817841277,9.523640392447085,0.26764573932712965,0.2916870343328596,11,1.0358274034651087,0.7479055591493142,0.17167437665534824,0.0,0.0,0.0,0.08995482401949254,0.08171955263585567
1356,1,0,0,0.06673022672836457,4.0,20.730372291811456,9.671554274407908,0.25418533423154505,0.27891616022225213,11,0.952885961188209,0.7551036052572091,0.1573876752371523,0.0,0.0,0.0,0.08076243057350758,0.07662524466364473
1357,1,0,1,0.06671264334464973,4.0,20.78066884173142,9.818492343333592,0.24069021139563782,0.2660427516871814,11,0.9572827830011305,0.7600481641554839,0.1582111882258675,0.0,0.0,0.0,0.0809707370154433,0.07724045121042418
1358,1,0,1,0.06656249101685074,4.0,20.8888719900654,9.984856482238687,0.22568743925235393,0.2523196936527022,11,1.039546316865707,0.7649790296266252,0.1723549810665783,0.0,0.0,0.0,0.09001663285970324,0.08233834820687505
1359,1,0,1,0.06667607721663918,4.0,20.939272484390017,10.129697539556556,0.21210878822674303,0.2392622661076119,11,0.9670847634500823,0.7718432118076023,0.1598164714242076,0.0,0.0,0.0,0.08147190615366562,0.07834456527054198
1360,1,0,0,0.06666194839890575,4.0,20.989027173743914,10.273530869788587,0.19851002642663487,0.22613920168199467,11,0.9703122701845954,0.7767242505986642,0.16033095735435224,0.0,0.0,0.0,0.0815925708006489,0.07873838655370333
1361,1,0,1,0.06653295627264977,4.0,21.092985034591365,10.430045960663673,0.183482716363186,0.21234773189062617,11,1.0420369028108467,0.7815639510883126,0.17291267912890437,0.0,0.0,0.0,0.09016386038069339,0.082748818748211
1362,1,0,1,0.06661953560291198,4.0,21.14295691127377,10.572424023984075,0.1697929113648716,0.19904798552369826,11,0.9804257148841853,0.788075774881376,0.16193730819145402,0.0,0.0,0.0,0.08213882998988634,0.07979847820156766
1363,1,0,0,0.06661888330788178,4.0,21.18924696451705,10.70924813356664,0.1561617566409029,0.18580047470751293,11,0.9759986862072878,0.7928845233814461,0.16127199324092384,0.0,0.0,0.0,0.08178692834381213,0.07948506489711171
1364,1,0,1,0.0664853904779101,4.0,21.292271495799582,10.857994830293325,0.1410413328705768,0.1719161009871044,11,1.04923360546131,0.7974623774520923,0.174028784944408,0.0,0.0,0.0,0.09072254262195668,0.08330624232245129
1365,1,0,1,0.06643296960334408,4.0,21.4002377123525,11.012065003409587,0.12574287725371971,0.15776361515118484,11,1.0657930478215054,0.8037566581523228,0.1767056487166599,0.0,0.0,0.0,0.09179073370114241,0.08491491501551747
1366,1,0,0,0.06655868212604342,4.0,21.446154769666904,11.145561792500915,0.11197966321806264,0.14430385821593392,11,0.989721414299787,0.8103075678940522,0.16333782582544776,0.0,0.0,0.0,0.0825792842139424,0.08075854161150538
1367,1,0,0,0.06655002933220303,4.0,21.490020123823903,11.249575054030565,0.09824779658733868,0.13230821545535826,11,0.9626715297408419,0.8147929140541956,0.15436505634779768,0.0,0.0,0.0,0.08239119978434375,0.08087052364392544
1368,1,0,1,0.0663980627400084,4.0,21.593569121280943,11.336878450716892,0.08293152321854776,0.1213516796366126,11,1.0093422735897248,0.8184898794463618,0.15763685512521963,0.0,0.0,0.0,0.0918976402127456,0.08516274682568678
1369,1,2,1,-0.2336211470361346,3.7663788529638653,21.695905544808063,11.483483779718082,0.06759092927018433,0.3498889005167744,11,1.0722029418282588,0.8232611892999459,0.17792909063056248,0.04289114777864722,0.0,0.0,0.09204356369018057,0.08588552694038191
1370,1,0,1,0.06636444458543547,3.832743297549301,21.795183448249738,11.625486042768586,0.05227241925300095,0.33557621662517517,11,1.0707648996053352,0.8294847331131536,0.17778716345269585,0.0,0.0,0.0,0.0919110601031003,0.08587610334959557
1371,1,0,1,0.06633321178725676,3.899076509336558,21.8457163436828,11.769849941023766,0.038254580403743355,0.32109690790258233,11,1.0304135309636986,0.8355167372754583,0.1709828854311022,0.0,0.0,0.0,0.09241480627545103,0.08687585233555666
1372,1,0,1,0.06630538928658036,3.9653818986231384,21.75205827604954,11.91274093440751,0.027519664148435225,0.30656351077044847,11,0.8896220828681456,0.8403891571176643,0.15160988032465222,0.0,0.0,0.0,0.09297919184823575,0.08720038279280348
1373,1,1,1,-0.233693748564623,3.7316881500585155,21.859942711832304,12.051673377369013,0.26196475567285704,0.2920549762046865,11,1.0884368590056968,0.8416199802614261,0.18038065824804092,0.0,0.0,0.0,0.09332945085346914,0.08705120739457178
1374,1,0,1,0.06629124348296292,3.7979793935414783,21.96506990218725,12.186754703378941,0.2464185710756087,0.27754399444529004,11,1.0879989185949048,0.8477904022300331,0.18034299813986876,0.0,0.0,0.0,0.09327710758349024,0.0870658905563785
1375,1,0,1,0.0663791578489562,3.8643585513904344,22.013754863756954,12.311106041406749,0.23226388010464347,0.2634631163587709,11,1.026831914736666,0.8537956151391548,0.1694134143449061,0.0,0.0,0.0,0.08492814582579104,0.08448526851911506
1376,1,0,0,0.06625961217625945,3.930618163566694,22.117612119532165,12.439617889774615,0.21665429219475704,0.2489528350814938,11,1.0904906267721688,0.8581215226290927,0.18071921512298145,0.0,0.0,0.0,0.09365752745931885,0.08706168766366262
1377,1,0,1,0.06624953553524186,3.996867699101936,22.21527598298982,12.570165395243766,0.20113402137329994,0.2342992869840728,11,1.0921421191594725,0.8639307502326694,0.1810429135132683,0.0,0.0,0.0,0.09312162492874237,0.08792128858452589
1378,1,0,1,0.06634631996251361,4.0,22.25881403095739,12.687903758188956,0.1869811802546387,0.22009233002337827,11,1.0309124453685996,0.8696360344558396,0.17015878847613475,0.0,0.0,0.0,0.08491704671196751,0.08524174176416721
1379,1,0,1,0.06632590674514942,4.0,22.30814447411848,12.80680079536909,0.17265017573520522,0.20577972556360366,11,1.0418954250698862,0.8736679447286586,0.17186165387524868,0.0,0.0,0.0,0.08598602711660083,0.08587562675864788
1380,1,0,1,0.06631377427054035,4.0,22.356792345821837,12.924866364795294,0.158312288201139,0.19136722854248223,11,1.0445870728667541,0.8778736317371892,0.17250230733112568,0.0,0.0,0.0,0.08602732520439745,0.08647498212672824
1381,1,0,1,0.0662218379854032,4.0,22.44635277986234,13.037767992988567,0.1428396568069246,0.17688913205834678,11,1.0845035299992025,0.8820414677654284,0.17970436727009953,0.0,0.0,0.0,0.09283578836528635,0.08686857890481316
1382,1,0,1,0.06619072828552122,4.0,22.537638589887244,13.107103734546394,0.12727191220620046,0.16470460565185627,11,1.0477245709040064,0.8871030193212728,0.16651362604328795,0.0,0.0,0.0,0.09340646760434498,0.08722393983169698
1383,1,0,1,0.06631509523369639,4.0,22.569796499601985,13.160163999777835,0.11321045690655164,0.15340821345261638,11,0.9763367330570141,0.8911185581108412,0.1521470849933321,0.0,0.0,0.0,0.08436873179789267,0.08509589353905529
1384,1,0,1,0.0661796847188753,4.0,22.659040722188685,13.169334161456515,0.0976143656225577,0.1434310645056588,11,0.9916633967498778,0.8932490124844954,0.15343944138570922,0.0,0.0,0.0,0.0935765477039638,0.08771485626844974
1385,1,0,0,0.0661700281717959,4.0,22.746821210889156,13.135455127381656,0.08200340535791421,0.1348626854306725,11,0.9496108267167434,0.89570937209113,0.14507603603777855,0.0,0.0,0.0,0.09366576158786087,0.08819322598462999
1386,1,0,1,0.06618055616182418,4.0,22.827160938589593,13.056010424787402,0.06651782812427327,0.12757488689772864,11,0.8979519335629527,0.8970569084567704,0.13664025459950885,0.0,0.0,0.0,0.09291346340184557,0.08838621514339151
1387,1,1,1,-0.23384488301260556,3.7661551169873944,22.91179762608604,12.92616967266868,0.30087944512283415,0.12176338029444954,11,0.8518752194621486,0.8970792840844249,0.12869933762830946,0.0,0.0,0.0,0.09383029800863486,0.08930178901362949
1388,1,0,1,0.06628364272168148,3.832438759709076,22.94461428490874,12.80845059257082,0.2865327167638088,0.1157850333278167,11,0.8110467611937073,0.895949182468868,0.12195045195394877,0.0,0.0,0.0,0.08608037015415174,0.08682144430589706
1389,1,0,1,0.06629783451920092,3.898736594228277,22.975785236144816,12.691115611158677,0.2721965535216913,0.10987757467732252,11,0.8076625917609233,0.8938266219369889,0.12146173135567023,0.0,0.0,0.0,0.0860169794527052,0.08678338165931959
1390,1,0,1,0.06620972156812312,3.9649463157964,23.048852606446623,12.574251201805442,0.25675351664556123,0.10395475319409375,11,0.8478754821311608,0.8916725211825873,0.1281951501561533,0.0,0.0,0.0,0.09265822125678065,0.08958307271476618
1391,1,0,1,0.0662350265068081,4.0,23.114569978798507,12.456529555561742,0.2414454196875482,0.09814900034632347,11,0.8385733213144855,0.8905775952063016,0.12668309883469966,0.0,0.0,0.0,0.09184858174807799,0.08888049698262526
1392,1,0,1,0.0662335163562749,4.0,23.180486171543556,12.31671442309008,0.22608749736466235,0.09306654517974965,11,0.8153785486323935,0.8892774883590063,0.1226422649367583,0.0,0.0,0.0,0.09214753393731524,0.0890718573997249
1393,1,0,1,0.0663972054312165,4.0,23.1804782183769,12.117544467030132,0.21240206514965496,0.08977756669445419,11,0.6882521056392381,0.8874300148658409,0.10184646420181713,0.0,0.0,0.0,0.0821125932900444,0.08354540022952882
1394,1,0,1,0.06640055992858827,4.0,23.18493361137636,11.922209837520075,0.19860931782462068,0.0865272527244183,11,0.6915713306245795,0.8824505671351759,0.10225836777042079,0.0,0.0,0.0,0.08275648395020549,0.084326509157816
1395,1,0,1,0.06643179550224368,4.0,23.185888811509113,11.730169928720885,0.18488280495823164,0.0833308817678788,11,0.6865938775559733,0.877678586222411,0.10153730293757127,0.0,0.0,0.0,0.0823590771983342,0.08350677312263319
1396,1,0,1,0.06647004780018556,4.0,23.178811041020435,11.539225209241089,0.17135046417359626,0.08024335122571043,11,0.6748789785372735,0.8729014685057501,0.09971922796082247,0.0,0.0,0.0,0.08119404470781225,0.08178760383688907
1397,1,0,1,0.06646542565357703,4.0,23.179166532023785,11.356558340098132,0.15762527412450786,0.07706299893612799,11,0.6856395281169348,0.8679509062565381,0.1014332540320253,0.0,0.0,0.0,0.08235114029453067,0.08293216121833785
1398,1,0,1,0.06651780065303703,4.0,23.16418980106833,11.175128825887604,0.14429491181248552,0.07396798211454683,11,0.6669868766370604,0.8633931218030481,0.09855227480162086,0.0,0.0,0.0,0.07998217387213397,0.08128334066255583
1399,1,0,1,0.06635909006282806,4.0,23.221546471409724,10.997129250822724,0.12907394428824273,0.07089800089450705,11,0.73784006095041,0.8584829656738984,0.10974569246569534,0.0,0.0,0.0,0.09132580514545667,0.08722620560921994
1400,1,1,1,-0.23344162878917254,3.7665583712108273,23.200022748814824,10.823103915039708,0.3658591014986448,0.0678822777054369,11,0.6599178346778962,0.8554668930558111,0.09738339587200819,0.0,0.0,0.0,0.07928905673758724,0.07959989638402988
1401,1,0,0,0.06637234057569612,3.8329307117865232,23.251294694560467,10.659294183652259,0.3507677170980162,0.06466299990016072,11,0.7380403809545613,0.8505781665963633,0.10986397323542858,0.0,0.0,0.0,0.09054830640377155,0.08823627965685926
1402,1,0,1,0.06653775278335794,3.899468464569881,23.246092048510103,10.490943787295384,0.33709271280424297,0.061718785418964084,11,0.674211679548077,0.8477647219553183,0.09971531264981928,0.0,0.0,0.0,0.08205002576263942,0.08032088195060205
1403,1,0,1,0.0663885666153708,3.965857031185252,23.295554005639946,10.336595991420111,0.3220140506148335,0.05849043881024607,11,0.7385400571497074,0.8434258958951373,0.10984205278876527,0.0,0.0,0.0,0.0904719731364572,0.08772681031867187
1404,1,0,1,0.06639598969601128,4.0,23.34365719076419,10.18737875037568,0.30693205897258324,0.05524285862272171,11,0.7396896940063139,0.8408037499265015,0.10997743097864769,0.0,0.0,0.0,0.09049194985350158,0.08729910260264118
1405,1,0,1,0.06640557214155368,4.0,23.387720786770494,10.041726725694323,0.29191834814313783,0.052000435390502975,11,0.7366874698534451,0.8382758985284968,0.10953680436998475,0.0,0.0,0.0,0.09008226497667228,0.08733934211551374
1406,1,1,1,-0.23357303300832757,3.7664269669916726,23.42754847342066,9.899311676345508,0.4825925294506334,0.04878224535176615,11,0.7331488251129709,0.8357361878116205,0.10898138870923672,0.2662826636782112,0.0,5.551115123125783e-17,0.08967224847681582,0.08616953426290998
1407,1,0,1,0.066421298244091,3.8328482652357634,23.465593975078058,9.764297329638419,0.4676605711650317,0.045452028418742435,11,0.7362026586944619,0.8331715037441543,0.10957305131175207,0.0,0.0,0.0,0.08959174971360977,0.08636734678814159
1408,1,0,1,0.06662382370663818,4.0,23.442845129803345,9.615623441401356,0.4542594326600198,0.042599641136083354,12,0.6593245491061388,0.830747282617912,0.09752115472602559,0.0,0.0,0.0,0.08040683103007107,0.07510351963592331
1409,1,0,1,0.06667890084593019,4.0,23.41056856203576,9.468641387461739,0.4411150083202822,0.03981305481762637,12,0.647203092572912,0.8264617142801176,0.0955860639491677,0.0,0.0,0.0,0.07886654603842579,0.07292532810799542
1410,1,0,1,0.06648451341960085,4.0,23.44145593294597,9.342039344831829,0.42636718926542844,0.03659033009438009,12,0.7262655770177404,0.8219802487374375,0.1078232626686007,0.0,0.0,0.0,0.08848691432912303,0.08380742826870115
1411,1,0,0,0.06650161912322236,4.0,23.468148388366167,9.218631945883626,0.41170029549878834,0.033383882137586175,12,0.7228724384164402,0.8195873819444451,0.10724005034060369,0.0,0.0,0.0,0.08800136259984022,0.08246685649093902
1412,1,0,1,0.06650868213347562,4.0,23.49417793968993,9.098054020322497,0.39702207514242316,0.03018373647284726,12,0.7226211341188736,0.8171695083562449,0.10727019612662457,0.0,0.0,0.0,0.08806932213819106,0.08191114174703837
1413,1,0,1,0.06675689769942034,4.0,23.448169683223753,8.96204468053078,0.3841684780759136,0.027479966170777904,12,0.6327882027424218,0.8148057990003106,0.09334420421147346,0.0,0.0,0.0,0.07712158239905731,0.06872960666009253
1414,1,0,1,0.06678254767800448,4.0,23.40019656185208,8.826779035984927,0.37138372416146676,0.024873005860148966,12,0.6270165931763356,0.8102553590938635,0.09235028535045495,0.0,0.0,0.0,0.07670852348668132,0.06703698651873086
1415,1,0,1,0.06681507070125635,4.0,23.348571532514462,8.695935751998215,0.3587174439353706,0.022239897275037408,12,0.6232060766215944,0.8056743899459252,0.091796332867246,0.0,0.0,0.0,0.07599768135657668,0.06578639790847483
1416,1,0,0,0.06685052139259769,4.0,23.29050867025518,8.565604129128829,0.3462333110397806,0.019675989668737095,12,0.6127181969841482,0.8011126821128169,0.09028824301134168,0.0,0.0,0.0,0.07490479737353979,0.06459470252122246
1417,1,2,1,-0.23313503014951595,3.766864969850484,23.234956804270023,8.682355369699636,0.33372300381160874,0.25898588361270397,12,0.8576021945702511,0.7964028199846003,0.13920247970523042,0.0,0.0,0.0,0.07506184336903174,0.06414063633619868
1418,1,2,1,-0.23344271162837602,3.533422258222108,23.268780741585076,8.871478668148177,0.3189932895029208,0.4786455750743624,12,1.0208800401128335,0.7979328043492416,0.16759543031709184,0.10282470676508537,0.0,0.0,0.08837828585212776,0.07921714446496407
1419,1,1,1,-0.2335093997075332,3.299912858514575,23.312636432478016,9.069578060914445,0.48501025636604905,0.46497350258242315,12,1.0454615689025366,0.8035064852433313,0.17197089675534047,0.4139597370175244,0.0,5.551115123125783e-17,0.08993846180370517,0.08203243495163529
1420,1,0,1,0.06643524835304135,3.3663481068676164,23.36685377555213,9.271503550373408,0.46973832202183347,0.45101884917980833,12,1.065698194867892,0.8095553623348115,0.17535952648098224,0.0,0.0,0.0,0.0916316060652935,0.08372792041568874
1421,1,0,1,0.06640000543439366,3.43274811230201,23.422990433687183,9.478760101633064,0.4543914750115528,0.4367357846567909,12,1.079352142542846,0.8159589331481385,0.17777946919978935,0.0,0.0,0.0,0.09208108206168447,0.0856983871381049
1422,1,0,1,0.06663041789324284,3.4993785301952527,23.40154758742763,9.618579439288416,0.4409308963128095,0.4245166539618726,12,0.9409202547788038,0.8225437633830062,0.15407825636196965,0.0,0.0,0.0,0.08076347219246013,0.07331478416950953
1423,1,0,1,0.0663543166941809,3.565732846889434,23.460287231485445,9.826042824887828,0.4255097340455203,0.40986879360077394,12,1.0917062053251305,0.8255031756679011,0.18041413577032753,0.0,0.0,0.0,0.09252697360373534,0.08788716216659218
1424,1,0,1,0.06633725456408772,3.6320701014535217,23.51832034742042,10.032106363994819,0.4100790724904524,0.39507000517815505,12,1.096254906451298,0.832158251409332,0.18137669986612115,0.0,0.0,0.0,0.09258396933040743,0.08879273053571372
1425,1,0,1,0.0663161863371706,3.6983862877906923,23.575211217140907,10.239964877168541,0.39464858678215614,0.3800530819743362,12,1.1035100506795923,0.838760667785381,0.18268445347268986,0.0,0.0,0.0,0.09258291424977684,0.090101539222913
1426,1,0,0,0.0663058417567454,3.764692129547438,23.628716754710556,10.444277072766157,0.37927219326927314,0.3649500676646957,12,1.103197135525002,0.8453794023577363,0.18287644693514127,0.0,0.0,0.0,0.09225836107729823,0.090618085857843
1427,1,0,1,0.06653020443752605,3.831222333984964,23.602107476491003,10.586170441302595,0.3658977165027573,0.35186835453083676,12,0.9671089360038018,0.851824845686918,0.15873713940224812,0.0,0.0,0.0,0.08024686059909489,0.07849027880315324
1428,1,1,1,-0.2334885286005241,3.59773380538444,23.58119764266322,10.728897307681272,0.48650738657649373,0.3386523202532004,12,0.9765239804957336,0.8547069479448399,0.16025188620685604,0.6953862990165439,0.0,0.0,0.08095568054103788,0.07929620566581816
1429,1,0,1,0.06623768064735588,3.663971486031796,23.646983937621002,10.930188557752759,0.47082202920933497,0.32325370894855937,12,1.124829918787875,0.8577523737586125,0.1865038120307983,0.0,0.0,0.0,0.09411214420295208,0.09239166782784623
1430,1,0,0,0.06647464137630782,3.7304461274081038,23.62702546925555,11.068578446899949,0.45724179686801364,0.3098940041682044,12,0.9828607331660855,0.8644293123843438,0.16163962273005797,0.0,0.0,0.0,0.081481394047928,0.08015822868212999
1431,1,0,1,0.0664381771271363,3.79688430453524,23.617540495986326,11.211610128703697,0.44343567096234787,0.29625717936926504,12,1.0009368064384108,0.8673900979038874,0.16465770422763032,0.0,0.0,0.0,0.08283675543399456,0.08182094879363579
1432,1,0,1,0.06640926957563464,3.863293574110875,23.615639749590457,11.358471756667374,0.429445051093783,0.28234101508734327,12,1.015689647185063,0.8707287656172505,0.16744070490292018,0.0,0.0,0.0,0.08394371921138948,0.0834969856915307
1433,1,0,1,0.06620250263745696,3.929496076748332,23.68300624924155,11.546676545228841,0.4137184772119548,0.266777908584267,12,1.129924075869005,0.8743527876564459,0.18773808230942662,0.0,0.0,0.0,0.09435944329096908,0.09337863901845755
1434,1,0,0,0.06636109887850389,3.9958571756268357,23.686332366195046,11.69565936806461,0.3995712181383813,0.25249348986493364,12,1.0330510096510261,0.8807420698617598,0.17059006675744107,0.0,0.0,0.0,0.08488355444144058,0.08570651231600049
1435,1,0,0,0.06642561599212528,4.0,23.665907692288627,11.824692974691807,0.38602100414550927,0.23879196999793026,12,0.9931587260772652,0.8845497933564914,0.16351040315925253,0.0,0.0,0.0,0.08130128395723235,0.08220911920202018
1436,1,0,1,0.0661883409249135,4.0,23.732624249205124,11.99841766991749,0.3702889652101831,0.22323926666262636,12,1.1277062688166914,0.8872650166745109,0.18770845362378064,0.0,0.0,0.0,0.09439223361195695,0.0933162200118237
1437,1,0,1,0.06616915437575083,4.0,23.798907063853292,12.17104659271648,0.3545357831746443,0.20759491530993032,12,1.132187785425228,0.8932760479780653,0.1883852003294091,0.0,0.0,0.0,0.09451909221323322,0.09386610811617593
1438,1,2,1,-0.23365001397721014,3.76634998602279,23.789970506935255,12.305748946047867,0.34065503413299086,0.42758395740914995,12,1.02501463782759,0.8992488414142445,0.1691427908073797,0.0942074508472227,0.0,5.551115123125783e-17,0.0832844942499203,0.08585829655745943
1439,1,0,1,0.06609337071690843,3.8324433567396983,23.8689389653332,12.480497527419587,0.32456334745496496,0.41157661572098386,12,1.156110026094246,0.9023929863245781,0.1925941701971526,0.0,0.0,0.0,0.0965501200681559,0.09604405012899672
1440,1,0,1,0.06607889916805175,3.89852225590775,23.944141441927144,12.65263895692635,0.30851756412318315,0.3955067736529531,12,1.156079818419523,0.9087359123188198,0.1926937523988753,0.0,0.0,0.0,0.09627469999069047,0.09641905240818485
1441,1,0,1,0.06627426248148735,3.964796518389237,23.9380424290093,12.784620836880778,0.2944816139588541,0.38086327261324,12,1.0408023770079193,0.9149195099713374,0.17207670722425286,0.0,0.0,0.0,0.08421570098597443,0.08786100623827842
1442,1,0,1,0.06625261363218117,4.0,23.93718706104753,12.920260230395321,0.2803348481618336,0.36597807865224663,12,1.0528506072000243,0.918066581647252,0.1741917585480828,0.0,0.0,0.0,0.08488059478212263,0.08931116376596021
1443,1,1,0,-0.23395268004677403,3.766047319953226,24.009448275455828,13.089491630836301,0.48399238649525406,0.3496494674325399,12,1.1629287971353504,0.9214361822860713,0.19401734834671608,0.18200908897100176,0.0,5.551115123125783e-17,0.09604568102847577,0.09797166731824032
1444,1,0,1,0.06617547777355805,3.832222797726784,24.018124951199706,13.223348053016485,0.46953626497797757,0.33459389129822154,12,1.0700065955813662,0.9274734976573031,0.1770701859095687,0.0,0.0,0.0,0.08673672910365869,0.09033345680591003
1445,1,0,1,0.06612804382983231,3.898350841556616,24.04157504294551,13.365154641147257,0.45470026913461886,0.3191896703669853,12,1.0962935049819795,0.9310368251054048,0.18144130064756997,0.0,0.0,0.0,0.08901597506015252,0.09242532558741744
1446,1,1,1,-0.23402122591305236,3.6643296156435636,24.124130654158343,13.524709522515256,0.48367467764503463,0.3028359708454636,12,1.1772787346831537,0.9351682421023193,0.1960741312589227,1.228201614807713,0.0,5.551115123125783e-17,0.09795193412979239,0.0981221971291303
1447,1,0,1,0.06596429622852637,3.73029391187209,24.209702832039408,13.673266127635756,0.46722672299832274,0.286722203725631,12,1.1753497874184042,0.9412210044168401,0.19537033059926662,0.0,0.0,0.0,0.09868772788027105,0.09668260271899555
1448,1,0,1,0.06594139458645262,3.7962353064585423,24.290309112481804,13.826044659754803,0.45084716364526817,0.27035874738646426,12,1.180459036553325,0.9470742239918791,0.196458094153328,0.0,0.0,0.0,0.09827735611832754,0.09818073803500046
1449,1,1,1,-0.23395104634141164,3.5622842601171305,24.316392689557553,13.962191286626137,0.4849557513488026,0.2546208594322791,12,1.1151390482529961,0.9529088443059153,0.1846928196322954,1.205082981871609,0.0,0.0,0.09026549190718411,0.0944273277251113
1450,1,0,0,0.06593800295688847,3.628222263074019,24.39247021764898,14.0991952070137,0.46863140859964,0.2385256631821943,12,1.1700460478835808,0.9569645994045923,0.19451723399548454,0.0,0.0,0.0,0.09794605649497594,0.09657117750050861
1451,1,0,1,0.06607545186108035,3.6942977149350993,24.40209176757857,14.215269090172644,0.45392122868993945,0.22325152296922846,12,1.087987068705099,0.962291635616567,0.17990592073599831,0.0,0.0,0.0,0.0882610794582034,0.09164484127779492
1452,1,0,1,0.065921655182655,3.7602193701177544,24.472776405879756,14.346392487314915,0.437674176824628,0.20712401756945834,12,1.1672420568872401,0.9654340214437803,0.1942473435904894,0.0,0.0,0.0,0.0974823111918685,0.09676503239862091
1453,1,0,1,0.06590375973666407,3.8261231298544187,24.541322837167822,14.478265789712246,0.4214396363957191,0.19087400524503442,12,1.1708989560152667,0.9704792223298668,0.19490731651999724,0.0,0.0,0.0,0.09740724257345387,0.09750007394654339
1454,1,2,1,-0.23397262650946998,3.5921505033449486,24.549608222676575,14.594101560557482,0.4067134619717911,0.40505836646496163,12,1.0996108720259867,0.9754897156720017,0.1818151525791494,0.12143572664485514,0.0,5.551115123125783e-17,0.08835704654356775,0.09345810603558168
1455,1,0,1,0.06594938453597526,3.658099887880924,24.572820147948274,14.719917423727875,0.3915882415526211,0.3889952750279626,12,1.1276205330229438,0.9785927445808514,0.1871298711370135,0.0,0.0,0.0,0.09075132251501947,0.096378548621994
1456,1,0,1,0.06581554096147085,3.723915428842395,24.651884244158634,14.851300500536224,0.3750460660940565,0.37243496524877,12,1.1927656123106134,0.9823184392919038,0.19861491142654314,0.0,0.0,0.0,0.09925305275138772,0.0993618586751554
1457,1,0,1,0.0660023562551724,3.7899177850975674,24.654010314714885,14.95391173747642,0.36038076668645375,0.35693245086922093,12,1.0923169261138184,0.9875796186173714,0.18100688272291068,0.0,0.0,0.0,0.08799179644561658,0.09301508627729412
1458,1,0,1,0.06580726749187361,3.855725052589441,24.730605126841624,15.075354381595789,0.34385623575049595,0.3404894500268547,12,1.1882355075508926,0.9901980513047826,0.1978051906699447,0.0,0.0,0.0,0.09914718561574698,0.09865800505419768
1459,1,0,1,0.06599321724199862,3.9217182698314397,24.73109495495836,15.17542895439949,0.32919459984721305,0.32488660016518317,12,1.095713388631371,0.9951489877109355,0.18158691458972653,0.0,0.0,0.0,0.08796981541969719,0.09361709917002936
1460,1,0,1,0.06596594844582096,3.9876842182772605,24.735496862227553,15.27834429516282,0.3144628794077429,0.309112112371458,12,1.104980345766469,0.9976630977339462,0.18303724939917168,0.0,0.0,0.0,0.08839032263682063,0.09464692676235106
1461,1,0,1,0.06578795606410744,4.0,24.805967163939975,15.394416069714225,0.2980390732226221,0.2925932554208323,12,1.1868881051985887,1.0003460289347594,0.19765597881447924,0.0,0.0,0.0,0.09854283711072531,0.09911314170375393
1462,1,0,1,0.06577956970200853,4.0,24.87459213353816,15.508134829055152,0.2816236009667787,0.2760570898598865,12,1.1873533097804658,1.005009580841355,0.19770982690073555,0.0,0.0,0.0,0.09849283353506035,0.09921699336567519
1463,1,1,1,-0.23406571689003833,3.765934283109962,24.878218493251282,15.607115307885659,0.4852210668556964,0.26011805646162783,12,1.112175012608462,1.009568174064833,0.1843077992553735,0.18974160580067223,0.0,1.1102230246251565e-16,0.08867359886582173,0.0956342003895518
1464,1,0,1,0.0659190475373861,3.831853330647348,24.879398132676556,15.692756438028276,0.470446801468032,0.24463014409847242,12,1.0989541145963144,1.0121333450284236,0.1815730665049187,0.0,0.0,0.0,0.08864559232598623,0.09292747417893242
1465,1,0,0,0.06573974880594617,3.8975930794532943,24.952863975083083,15.79198659643889,0.4538540430379874,0.22830289762766895,12,1.1869998650847677,1.014303864267621,0.19752002940508856,0.0,0.0,0.0,0.09955655058026736,0.0979634788248212
1466,1,0,1,0.06572070560661558,3.96331378505991,25.024892605510807,15.894930493420723,0.4372561097282292,0.21183802975615462,12,1.1935937916975983,1.0186212642880494,0.1983768070876349,0.0,0.0,0.0,0.0995875998585491,0.09878920722908578
1467,1,1,1,-0.23407018073479208,3.729243604325118,25.014374679280127,15.968403543546197,0.48544706348142524,0.196470604167699,12,1.0859507013680842,1.0229955774732882,0.1795221726421821,1.1235366583693756,0.0,5.551115123125783e-17,0.08731761911144809,0.09220455353073402
1468,1,0,1,0.06588964246908104,3.7951332467941987,25.01632764723667,16.04360346928851,0.47056338972137834,0.18103115372052972,12,1.1017223492695123,1.0245694555706581,0.18193874524329706,0.0,0.0,0.0,0.08930204256028149,0.09263670268301558
1469,1,0,1,0.06583065184429437,3.8609638986384933,25.032107842144697,16.132202260570892,0.45538005756312266,0.16502391239044154,12,1.1308772641035376,1.0264982779131295,0.1871434409300634,0.0,0.0,0.0,0.09109999294953446,0.09604344798052897
1470,1,2,1,-0.23428032235369597,3.6266835762847975,25.09886722271242,16.217396502124576,0.4388633274448291,0.3869810393264456,12,1.1810613746892955,1.0291077525678896,0.19631458019480102,0.0710430388989367,0.0,0.0,0.09910038070976179,0.09721419948503929
1471,1,0,1,0.06565633500674115,3.6923399112915387,25.174108002996917,16.306474977370478,0.4220935030246707,0.3705823521570679,12,1.197225848651328,1.0329065931209247,0.19901106953721548,0.0,0.0,0.0,0.10061894652094977,0.09839212301626568
1472,1,0,0,0.06577568310935444,3.758115594400893,25.191300827691986,16.39241161535188,0.4067681829660113,0.3544508068092267,12,1.1401440371856542,1.037014574509185,0.18874119243900395,0.0,0.0,0.0,0.09195192035195648,0.09678927208704746
1473,1,0,1,0.06564549375472226,3.8237610881556154,25.26193228119459,16.475554036677252,0.39006033478819896,0.338097847387617,12,1.193366685904071,1.0395928110760968,0.19836484559653259,0.0,0.0,0.0,0.100247089066874,0.0981177565296586
1474,1,0,1,0.06586389713459087,3.8896249852902063,25.255656384223744,16.531031364180592,0.37517210061559486,0.3228139093279786,12,1.0926385884792937,1.043437157946796,0.1810330333934545,0.0,0.0,0.0,0.08932940503562466,0.09170362835782983
1475,1,0,1,0.0657915811565687,3.955416566446775,25.260105033090536,16.609469415132097,0.36014231555787024,0.30673751231242474,12,1.1275538935284026,1.0446671937101084,0.18663709243967125,0.0,0.0,0.0,0.09017871034634782,0.09645838209332343
1476,1,0,1,0.06563821490989515,4.0,25.324844983287413,16.687134076381003,0.3435412771120954,0.2903831676174273,12,1.1891439726513504,1.0467393612055658,0.19773229884463356,0.0,0.0,0.0,0.09960623067464862,0.0981260681699849
1477,1,0,1,0.06578641216052639,4.0,25.32691769454933,16.75787600585899,0.32851821146807153,0.2744059274696004,12,1.123114117231617,1.0502994764917104,0.18600183475110468,0.0,0.0,0.0,0.09013839386414363,0.0958634408869611
1478,1,2,1,-0.2341972673784898,3.76580273262151,25.325748481715113,16.823307510376107,0.3135616691066719,0.46107842021286133,12,1.1163821341931088,1.052119842510208,0.1847322642559529,0.28497203345287925,0.0,0.0,0.08973925416839793,0.09499301008755501
1479,1,0,1,0.06559882452382051,3.8314015571453304,25.39677952391012,16.89493498938631,0.2967734630232668,0.44474229647701624,12,1.1963849210074893,1.0537263998022808,0.19874597891550075,0.0,0.0,0.0,0.10072923650043053,0.09801674241507022
1480,1,1,1,-0.23442382349907098,3.596977733646259,25.466387411041367,16.9716614198439,0.4832032895109364,0.42822590192110854,12,1.2036271804212464,1.0572928628324108,0.19987863026982813,0.28064077813960076,0.0,5.551115123125783e-17,0.10078026293438185,0.09909836733544626
1481,1,0,1,0.06577253394587364,3.662750267592133,25.454813835426183,17.02581604327395,0.4683904078738316,0.4126075806731568,12,1.1035322685869997,1.0609512207721319,0.1825872173103393,0.0,0.0,0.0,0.08887728982262835,0.09370992748771098
1482,1,0,1,0.06555276041949812,3.728303028011631,25.523808980376536,17.09666281881631,0.45155268816443267,0.3961854387832994,12,1.2018576674602184,1.0620157469675036,0.1995591695955379,0.0,0.0,0.0,0.10102631825639402,0.09853285133914388
1483,1,0,0,0.06555417598747215,3.7938572039991034,25.59103861817958,17.160141615351137,0.4347245359042593,0.37994560137084443,12,1.1962202293176916,1.0655117949798214,0.19840793803576978,0.0,0.0,0.0,0.10096891356103967,0.09743902447473013
1484,1,0,1,0.06554779511050426,3.8594049991096075,25.65546344814656,17.21992970793496,0.4179254788690163,0.3637704908148907,12,1.192992428389067,1.068779505838268,0.1978450055471803,0.0,0.0,0.0,0.10079434221145789,0.09705066333572242
1485,1,0,1,0.06572187099650227,3.92512687010611,25.650115984326828,17.273250175485064,0.40284040849240793,0.34796406429515864,12,1.1198578326324091,1.071884828902038,0.1853489813780434,0.0,0.0,0.0,0.090510422259651,0.09483855911839238
1486,1,0,1,0.0657137381693355,3.9908406082754455,25.64829894228656,17.32545887937522,0.3876763974187756,0.3321661287468645,12,1.1234758158451883,1.0730841539952973,0.18577167973155803,0.0,0.0,0.0,0.0909840664417937,0.09478761328976433
1487,1,0,1,0.06555478027079667,4.0,25.70612146448566,17.380042482601425,0.3710142976720539,0.3160049939252054,12,1.186750070966848,1.0743439455415444,0.19693940741028487,0.0,0.0,0.0,0.0999725984803301,0.09696680892995477
1488,1,0,1,0.06554326735051658,4.0,25.762617721716282,17.43358199539874,0.3543507560372716,0.29984214443371265,12,1.1871898687051177,1.0771540986771773,0.19695834675765028,0.0,0.0,0.0,0.09998124980869391,0.09697709694895634
1489,1,0,1,0.0657194851898523,4.0,25.756551607345962,17.478937382208553,0.3392203367002815,0.28413124132662265,12,1.119194265367368,1.0799049929278755,0.18504793466448066,0.0,0.0,0.0,0.09078251602194022,0.09426541864254041
1490,1,0,1,0.06570188174757147,4.0,25.75466144688649,17.526039674534267,0.3239612252176815,0.2683567551612649,12,1.1260993566051056,1.0808872247388628,0.18620158588774688,0.0,0.0,0.0,0.09155466889560064,0.09464691699214625
1491,1,0,0,0.06574100983049538,4.0,25.73754931994563,17.56883855544262,0.30904010499339374,0.25273761023610924,12,1.1077042820030125,1.082017528035519,0.1832415908966607,0.0,0.0,0.0,0.08952672134572676,0.09371486955093394
1492,1,1,1,-0.2344619719879709,3.765538028012029,25.793874927740106,17.61748641300842,0.48333755395487416,0.23659020696097152,12,1.1876331622449827,1.0826596968847064,0.19685909592158157,0.3542406299603623,0.0,5.551115123125783e-17,0.09997467627075504,0.09688441965082649
1493,1,0,1,0.06552369481083976,3.8310617228228687,25.851759390985514,17.66205014764043,0.4665845940504554,0.22059379769128962,12,1.187732231396128,1.0852840335187133,0.19649621504460402,0.0,0.0,0.0,0.10051775942651257,0.09597845561809144
1494,1,1,1,-0.23448244559971854,3.5965792772231504,25.902837574944886,17.709285833024772,0.48336934641183643,0.20444747507198366,12,1.1861591078093623,1.0878452384656487,0.19666185724481697,1.299507564302732,0.0,0.0,0.09978392152898131,0.09687793571583565
1495,1,1,1,-0.23427655995762608,3.3623027172655244,25.880538919128067,17.73804905284879,0.4851806347213765,0.18912941529536495,12,1.0967676492064433,1.0903030851992415,0.18082455033145345,1.400216078471019,0.0,5.551115123125783e-17,0.08891619167174097,0.09190835865971243
1496,1,0,0,0.06551780804277738,3.427820525308302,25.932142028821517,17.779689299310714,0.4685165726540046,0.17312875373411094,12,1.1837080554547965,1.0904646992994214,0.19598834177175556,0.0,0.0,0.0,0.09998437240423139,0.09600396936752413
1497,1,0,1,0.06582071168879051,3.4936412369970924,25.89054302670156,17.78030164671431,0.4540539674722248,0.15873329765097335,12,1.0518091284869442,1.092795783203306,0.1731483675895037,0.0,0.0,0.0,0.08677563109067848,0.0863727364988252
1498,1,0,1,0.06554547254583441,3.5591867095429266,25.93454310916067,17.816266467768102,0.4375660577793372,0.1428586050839959,12,1.1717360203482987,1.091771116835397,0.19417561355919044,0.0,0.0,0.0,0.09892745815732565,0.09524815540186478
1499,1,0,1,0.06553098442884864,3.624717693971775,25.97801705370745,17.85278856178097,0.4210758878610979,0.12693850240458468,12,1.1737662779828617,1.0937702394232194,0.1944616355859034,0.0,0.0,0.0,0.09894101950943612,0.09552061607646731
1500,1,0,1,0.06579010980825431,3.6905078037800294,25.940134748576064,17.859903025272008,0.40653622504725956,0.1122440323270275,12,1.0650022987468672,1.0957701403872104,0.17540479734837283,0.0,0.0,0.0,0.08723797688302981,0.08816682046534303
1501,1,0,1,0.06554206632451773,3.756049870104547,25.98194188477812,17.895528266150077,0.3900834568737653,0.09632654069324863,12,1.172433321426328,1.0950009443462019,0.19422155884363873,0.0,0.0,0.0,0.0987166090409654,0.09550494980267332
1502,1,0,1,0.0655313810241864,3.8215812511287335,26.0229669293658,17.929676757218623,0.37363363994538884,0.08042168987563211,12,1.1721102894294322,1.096936753773205,0.19412800647595782,0.0,0.0,0.0,0.09869890157025882,0.095429104905699
1503,1,0,1,0.06553578505463528,3.8871170361833687,26.060884367527592,17.9160340106304,0.35723762982599766,0.0670892390851364,12,1.1230907837381732,1.0988160921646108,0.17837076545932126,0.0,0.0,0.0,0.09837606071634697,0.09509269026758926
1504,1,0,1,0.0657675419882581,3.9528845781716266,26.024186897539224,17.88830365691999,0.3426397961021568,0.05455121376012132,12,1.034995135755177,1.0994229594539497,0.16281515429313598,0.0,0.0,0.0,0.08758700234304545,0.0910891246684869
1505,1,0,0,0.06581770417636591,4.0,25.966821362707154,17.860675620333026,0.32848118778139707,0.04210512555440032,12,1.0128186924424443,1.0978122638614805,0.15962817915888422,0.0,0.0,0.0,0.08495164992455814,0.08975477460054873
1506,1,0,1,0.06555513653250993,4.0,26.007011478023465,17.804011174664552,0.3120655971560655,0.030352737696918184,12,1.0792130942238436,1.0956874245760044,0.1690078708968821,0.0,0.0,0.0,0.09849354375198931,0.09508871402779788
1507,1,0,1,0.06581950783666306,4.0,25.966688647801426,17.633194272737917,0.2975939947169064,0.02231685872672359,12,0.8841358341685296,1.0952755663172005,0.13504488845612225,0.0,0.0,0.0,0.0868296146349547,0.08966298239510793
1508,1,0,1,0.06580352995442194,4.0,25.928912225720683,17.305009197022812,0.28308023019236755,0.019517573536065376,12,0.7240355752176302,1.0899970730134836,0.10387829829118245,0.0,0.0,0.0,0.08708258714723316,0.09240236173349808
1509,1,0,1,0.06585719279438411,4.0,25.886824622194798,16.973829051353462,0.26870211744570205,0.01710221438710771,12,0.7075802863733542,1.0808480355685877,0.1007608313737389,0.0,0.0,0.0,0.08626867647999292,0.09154227581704419
1510,1,0,0,0.06589357515099742,4.0,25.844974088890897,16.6477531999601,0.25436600595010145,0.014762455461144046,12,0.7035899571414435,1.0715163418387066,0.10005522252938574,0.0,0.0,0.0,0.08601666897360374,0.09127855042493035
1511,1,0,1,0.06589587074582066,4.0,25.807028453059807,16.32961727567173,0.23997508866617653,0.012427743420414758,12,0.7062366221018102,1.0623181822212748,0.10035377594792531,0.0,0.0,0.0,0.0863455037035496,0.09343208341154441
1512,1,0,1,0.06568311835132996,4.0,25.846158017478995,15.995187228845056,0.2236558326917143,0.010670353299816629,12,0.7581156608108068,1.0534161432182882,0.10845987657036218,0.0,0.0,0.0,0.0979155358467734,0.10026090622961498
1513,1,0,1,0.06597460368489644,4.0,25.78757263014245,15.695965389120811,0.20972344260579914,0.008273738037986133,12,0.6882264040973096,1.0460336311581013,0.09797403208647391,0.0,0.0,0.0,0.08359434051549094,0.09452579810660543
1514,1,0,0,0.06602626108095092,4.0,25.728401416564502,15.399999522270873,0.19584615339145459,0.005977707850412776,12,0.6819513700536965,1.0370884504815816,0.09703991641150744,0.0,0.0,0.0,0.0832637352860673,0.09266741691070653
1515,1,0,1,0.0657762130085046,4.0,25.764003216355988,15.088081629574447,0.17963761651016688,0.004237657960880691,12,0.751893930565944,1.0282100234708844,0.1076915206249186,0.0,0.0,0.0,0.09725122128772609,0.10053173194045208
1516,1,0,1,0.06579317975173121,4.0,25.795754332989944,14.78526709912612,0.16350035930467322,0.0024665267634751066,12,0.7502387073338925,1.0213021211482611,0.10745033041739573,0.0,0.0,0.0,0.09682354323296223,0.10132176993250538
1517,1,0,1,0.0661201630332038,4.0,25.717681896169264,14.514132722292631,0.1500515683361221,0.00012135293860219213,12,0.6653187221487309,1.0145255358029017,0.09476378876054416,0.0,0.0,0.0,0.08069274581130667,0.09249701045193323
1518,1,0,1,0.06612895533574366,4.0,25.65029926205841,14.156376227656606,0.1364473164240855,0.0,12,0.5806562367146695,1.0057953654615475,0.08235362910383269,0.0,0.0,0.0,0.08162551147221954,0.09230018780614191
1519,1,0,1,0.06590254735266252,4.0,25.672269174618236,13.80246682196519,0.12059073371574731,0.0,12,0.6632273941112827,0.9951668872428755,0.09513949625002899,0.0,0.0,0.0,0.09513949625002899,0.10032846045253158
1520,1,0,1,0.06590470671168866,4.0,25.697308154736554,13.457405151416062,0.10465261234638062,0.0,12,0.6668457094837758,0.9868683999145855,0.09562872821620028,0.0,0.0,0.0,0.09562872821620026,0.1006614833412904
1521,1,2,1,-0.23372984413971828,3.7662701558602816,25.607135259666922,13.575536078709481,0.09157445789891487,0.23518496030007788,12,1.0068258648776047,0.9788678326538154,0.16735916488432706,0.0,0.0,0.0,0.0784689266847944,0.0888902381995327
1522,1,0,1,0.06622150903935113,3.8324916648996328,25.52605801060144,13.702511738872182,0.07827736104426855,0.22008251176295898,12,1.0254651945566247,0.9795667834594102,0.17039727235059146,0.0,0.0,0.0,0.079782581127878,0.09061469122271346
1523,1,0,1,0.06590411672218173,3.8983957816218147,25.558090334219365,13.866898727351746,0.062265150189373064,0.20327732839171586,12,1.1771335558343312,0.9807142437368406,0.19690436535683167,0.0,0.0,0.0,0.09607326512937286,0.10083110022745878
1524,1,0,1,0.06587259281721428,3.964268374439029,25.592657918891643,14.03071327658886,0.04617748444562189,0.18635023416072652,12,1.184006860448672,0.9856247265392777,0.198088559848443,0.0,0.0,0.0,0.09652599446250709,0.10156256538593596
1525,1,0,1,0.06618289624356447,4.0,25.507778459748742,14.155551027775182,0.033037074209535555,0.17097451768801383,12,1.030542571930435,0.9905842798870126,0.17109676025279416,0.0,0.0,0.0,0.07884246141651804,0.09225429883627613
1526,1,0,1,0.0661492231587201,4.0,25.441861388647258,14.28075977638983,0.019472858158339018,0.15542330920721736,12,1.050874914701258,0.9915832371880982,0.17469254719195804,0.0,0.0,0.0,0.08138529630717921,0.09330725088477884
1527,1,0,1,0.06582870650391397,4.0,25.46169880308016,14.436454012047138,0.0037278439847894906,0.13841237035879625,12,1.1685971792161394,0.9930655291259272,0.1965357181318239,0.0,0.0,0.0,0.09781481515665102,0.10206563309052677
1528,1,0,1,0.06621515323511609,4.0,24.970044432579403,14.550348021755587,0.0,0.12308011208767745,12,0.6196934595858771,0.9974538203781826,0.11436061353544959,0.0,0.0,0.0,0.07618447060466571,0.09199354962671265
1529,1,0,0,0.06630323005186214,4.0,24.34579332176492,14.64853699578003,0.0,0.10821254045935218,12,0.46194767456833735,0.9880098113583748,0.08920542976995167,0.0,0.0,0.0,0.07337708081543252,0.08920542976995167
1530,1,0,1,0.06587095687264015,4.0,23.7371484887208,14.787951229820864,0.0,0.09145177343760004,12,0.5056276589353316,0.9748582579386238,0.10056460213051288,0.0,0.0,0.0,0.101078857454789,0.10056460213051288
1531,1,0,1,0.06619759077788355,4.0,23.143719776502778,14.884744607228445,0.0,0.07619605961932294,12,0.46649215815310363,0.9631274929635416,0.09153428290966258,0.0,0.0,0.0,0.0862874508017675,0.09153428290966258
1532,1,0,1,0.06594215966318911,4.0,22.56512678209021,15.00825008688816,0.0,0.059760670525095365,12,0.4956240948404266,0.9507116095932806,0.09861233456536546,0.0,0.0,0.0,0.10333395527243133,0.09861233456536546
1533,1,0,1,0.06595206145752543,4.0,22.000998612537952,15.125436605036992,0.0,0.04344121358125496,12,0.49239277032103357,0.9393344217244592,0.09791674166304239,0.0,0.0,0.0,0.10512669120874676,0.09791674166304239
1534,1,0,1,0.06599817900962303,4.0,21.4509736472245,15.189294502012693,0.0,0.029639723672472345,12,0.4419938121016274,0.9281608804393737,0.08280893945269575,0.0,0.0,0.0,0.10552971089931744,0.09622800517052756
1535,1,0,1,0.06604171060493617,4.0,20.914699306043893,15.0863327711067,0.0,0.021130139046465,12,0.2767706316443256,0.91600670373093,0.051057507756044035,0.0,0.0,0.0,0.10584529238141657,0.0953664131719992
1536,1,0,1,0.06608108015696297,4.0,20.391831823392796,14.831133615224314,0.0,0.017196723664754065,13,0.12195916339528123,0.9000258019287649,0.023600492290265618,0.0,0.0,0.0,0.10649517449590737,0.09490337041241788
1537,1,0,1,0.06612229216153064,4.0,19.882036027807974,14.583774023589463,0.0,0.013250741180565255,13,0.12341874874575742,0.8805741359654278,0.02367589490513286,0.0,0.0,0.0,0.10716655865167565,0.09495132676272228
1538,1,0,1,0.0662984870971147,4.0,19.384985127112774,14.349556945753795,0.0,0.009217584965163355,13,0.13037727275406835,0.861645251284936,0.02419893729241141,0.0,0.0,0.0,0.09920277598395776,0.09090415443982916
1539,1,0,1,0.06620484306245358,4.0,18.900360498934955,14.103929899898404,0.0,0.005707036230570696,13,0.1131118777884519,0.8433635518216642,0.02106329240755595,0.0,0.0,0.0,0.10818228210142297,0.09484979009578474
1540,1,0,1,0.06639616242600602,4.0,18.427851486461584,13.826383920788894,0.0,0.003920077459428995,13,0.07505226838795141,0.825107259970834,0.010721752626850201,0.0,0.0,0.0,0.09955304855299382,0.089442584790158
1541,1,0,1,0.0663327059936422,4.0,17.967155199300045,13.546891880443656,0.0,0.0023446594195603485,13,0.06616755767448315,0.8063558851812619,0.00945250823921188,0.0,0.0,0.0,0.10699293327446664,0.09235567038437296
1542,1,2,1,-0.23359876108164368,3.7664012389183563,17.51797631931754,13.66295285026322,0.0,0.23725207498534417,13,0.45473326683065746,0.7878511769935924,0.09055550660529713,0.0,0.0,0.0,0.10598207921500799,0.09055550660529713
1543,1,0,1,0.06638260344083788,3.832783842359194,17.080026911334603,13.781169879038373,0.0,0.22196355796926928,13,0.4597908500317311,0.7795232292395191,0.09173110209644907,0.0,0.0,0.0,0.10723514367128095,0.09173110209644907
1544,1,0,0,0.0665044466593757,3.89928828901857,16.653026238551238,13.880601503216957,0.0,0.2072736057350242,13,0.44396087115454447,0.7715299197593244,0.08813971340547082,0.0,0.0,0.0,0.09953192038309433,0.08813971340547082
1545,1,0,0,0.06641102821136527,3.965699317229935,16.236700582587456,13.990815402468353,0.0,0.19206808434233547,13,0.457228936831819,0.7633406935442049,0.09123312835613238,0.0,0.0,0.0,0.10733165005215903,0.09123312835613238
1546,1,0,1,0.06643955877127987,4.0,15.83078306802277,14.093923731160865,0.0,0.17698440715847666,13,0.4528787137542224,0.7556878996263952,0.0905020631031528,0.0,0.0,0.0,0.10691192071624758,0.0905020631031528
1547,1,0,1,0.06656873918887204,4.0,15.435013491322199,14.181326367255581,0.0,0.16238971449481365,13,0.4397507293737367,0.7481176699795908,0.08756815598197804,0.0,0.0,0.0,0.09933886167518548,0.08756815598197804
1548,1,0,1,0.06649020316080574,4.0,15.049138154039145,14.27305996633642,0.0,0.14752395544487143,13,0.4462667582622283,0.7404084964644446,0.08919455429965328,0.0,0.0,0.0,0.10580971740673964,0.08919455429965328
1549,1,0,1,0.06649709839987451,4.0,14.672909700188168,14.36125938571092,0.0,0.13269230623085299,13,0.4450259185329104,0.7330549530093892,0.08898989528411072,0.0,0.0,0.0,0.10590437202183234,0.08898989528411072
1550,1,0,1,0.06661836187726686,4.0,14.306086957683462,14.438321806133008,0.0,0.11822633729280681,13,0.43609390506486134,0.7258542271474772,0.08679581362827697,0.0,0.0,0.0,0.09875461507678238,0.08679581362827697
1551,1,1,1,-0.23344304550603426,3.7665569544939657,14.679598224208576,14.515329740376206,0.23262243838405916,0.10364209568286341,13,1.169129419863726,0.7186102190954118,0.19177081935530552,0.0,0.0,0.0,0.10426536969564501,0.0875054496596605
1552,1,0,1,0.06649959936097771,3.8330565538549433,15.052952688280765,14.5929480993939,0.21500882231047821,0.08896187546180205,13,1.1808460222045003,0.7298731991146197,0.19376301776785385,0.0,0.0,0.0,0.10568169644148577,0.08808132132636809
1553,1,0,1,0.06646640448455926,3.8995229583395026,15.42065082121762,14.672874739552242,0.1973217699469542,0.07414912637154535,13,1.1887722927870645,0.7411475196918667,0.19499880872268424,0.0,0.0,0.0,0.10612231418114391,0.08887649454154033
1554,1,0,1,0.0665347616276469,3.9660577199671496,15.734922845042869,14.746521505657682,0.18068605956968586,0.059543823129410145,13,1.1402569289499338,0.7523381390192466,0.18744608171642127,0.0,0.0,0.0,0.09981426226361012,0.08763181945281114
1555,1,0,0,0.06652310557522306,4.0,16.040013273203066,14.814008038748351,0.1640879455240282,0.04510147678067214,13,1.1346130700183794,0.7620361087675138,0.1862427623663741,0.0,0.0,0.0,0.09958868427394604,0.08665407809242803
1556,1,0,1,0.06639313158609322,4.0,16.38844514576343,14.859605137834306,0.1462634001117326,0.032063216839462054,13,1.165379504445107,0.7713505327987855,0.185176832121034,0.0,0.0,0.0,0.10694727247377353,0.09017040698727637
1557,1,0,1,0.06649656411622067,4.0,16.68110798485818,14.764088317266626,0.12957913212979444,0.02386716409986203,13,0.9783472756170093,0.7812012570899435,0.14928192432922915,0.0,0.0,0.0,0.100105607891629,0.08699469216062491
1558,1,0,0,0.0663576329731086,4.0,17.017086986781194,14.555877408455519,0.11166977559079554,0.018818531470330222,13,0.9138980006650289,0.7861299075531201,0.13774793501118435,0.0,0.0,0.0,0.10745613923399348,0.09055086164489681
1559,1,1,1,-0.23364064580759394,3.766359354192406,17.341299162432783,14.29421918922288,0.3438320101482104,0.015663309353797807,13,0.8518780662998663,0.7893241098809178,0.12595792535470537,0.0,0.0,0.0,0.1070265926555109,0.0909843746811558
1560,1,0,1,0.06635600143645017,3.8327153556288565,17.653207180736715,14.004161907552865,0.3260673121115076,0.014060971304736875,13,0.812738695425311,0.7908879587913915,0.1162022165145823,0.0,0.0,0.0,0.10658818822021672,0.09112896212139493
1561,1,0,1,0.0665088810564094,3.899224236685266,17.897374277177253,13.725386865341065,0.3097648342923976,0.012362661650522086,13,0.7568262814359752,0.7914342272072395,0.10800472483994847,0.0,0.0,0.0,0.09781486691465972,0.08636491750476874
1562,1,0,1,0.06638716008788967,3.9656113967731557,18.18602195747866,13.450922969540445,0.2922161789004154,0.01072764317831003,13,0.8047528130637427,0.7905690285629579,0.11510204318516562,0.0,0.0,0.0,0.10529193235189328,0.09048795147634862
1563,1,0,0,0.06651212857531395,4.0,18.413218431464173,13.186605337882439,0.27600962872194135,0.00901441835496466,13,0.7538024655029861,0.7909236231754775,0.10751865001091672,0.0,0.0,0.0,0.0972393010708445,0.08710921755932638
1564,1,0,1,0.06639661344735498,4.0,18.682833092972214,12.926081304539057,0.2586013548351557,0.0073682016858294215,13,0.7990862223983293,0.7899955942336653,0.11432694333552537,0.0,0.0,0.0,0.10444964332071394,0.09089805913177118
1565,1,0,1,0.06643756344504638,4.0,18.93700718485639,12.672144856609403,0.2413948664516935,0.00572021157430985,13,0.7904605038923025,0.7902228599377819,0.11312687096989042,0.0,0.0,0.0,0.10323893030077301,0.089256247146966
1566,1,0,1,0.06645340953732295,4.0,19.177952451345455,12.42394386561374,0.22435156917074706,0.004086815611939103,13,0.7829730765300451,0.7902288010366448,0.11206015945990311,0.0,0.0,0.0,0.10225978368567862,0.08893195223978202
1567,1,0,1,0.06645290848074581,4.0,19.41161769043111,12.182706132769338,0.20732561501840455,0.002435366473940464,13,0.7824749141652363,0.7900474079239799,0.11206441974204695,0.0,0.0,0.0,0.1021557249140551,0.08893609683347856
1568,1,0,1,0.0664687840190799,4.0,19.633907651623126,11.949883177347093,0.1904237782952222,0.0007271593811550431,13,0.779325101349779,0.7898580955800114,0.11166026289580665,0.0,0.0,0.0,0.10141102033909412,0.08818416044217149
1569,1,0,1,0.06649457765380205,4.0,19.84288582639459,11.681676791921927,0.17370437947714223,0.0,13,0.7303665600705553,0.7895947707242555,0.10467934919541017,0.0,0.0,0.0,0.1003163929084799,0.08693064429486518
1570,1,0,1,0.06661451817192351,4.0,19.991672826209857,11.389634872123878,0.15839713377665196,0.0,13,0.6448591454751306,0.788114065457913,0.09184347420294148,0.0,0.0,0.0,0.09184347420294146,0.082663322604245
1571,1,0,1,0.06652166362164347,4.0,20.17929310270437,11.104894000320783,0.1419581759956704,0.0,13,0.6874120971497619,0.7845326924583435,0.09863374668588942,0.0,0.0,0.0,0.09863374668588942,0.08628345581719302
1572,1,0,0,0.06653186392545812,4.0,20.35920529838977,10.827271650312763,0.125589511714557,0.0,13,0.6843945232530058,0.7821046775756288,0.0982119856866804,0.0,0.0,0.0,0.09821198568668038,0.08591733421335515
1573,1,0,0,0.06670610437009007,4.0,20.467331007847537,10.556589859054943,0.1109488008563872,0.0,13,0.6171058419175128,0.7796619237175634,0.08784426514901889,0.0,0.0,0.0,0.0878442651490189,0.07828164017386832
1574,1,0,1,0.06674002417165467,4.0,20.565396681571812,10.29267511257857,0.09647837833166018,0.0,13,0.6097489489204638,0.7755980216725621,0.086822535148362,0.0,0.0,0.0,0.086822535148362,0.07647817854446406
1575,1,0,1,0.0666030908911568,4.0,20.717163001966483,10.035358234764104,0.08053792601069612,0.0,13,0.6659012374339681,0.7714517948537597,0.09564271392578438,0.0,0.0,0.0,0.09564271392578436,0.0826072926951089
1576,1,0,1,0.06660636853175891,4.0,20.86314331143963,9.784474278895004,0.06464306156280498,0.0,13,0.6639093845223069,0.7688130309182648,0.09536918668734685,0.0,0.0,0.0,0.09536918668734685,0.08167316365180015
1577,1,0,1,0.06662797222243828,4.0,20.999175029990447,9.539862421922628,0.04889794107361175,0.0,13,0.6576103013368103,0.7661904397583659,0.09447072293515944,0.0,0.0,0.0,0.09447072293515944,0.08098122929214335
1578,1,0,1,0.06664358530089544,4.0,21.127017052535464,9.301365861374562,0.03326327441788504,0.0,13,0.6528213982947761,0.763475936297827,0.09380799993436026,0.0,0.0,0.0,0.09380799993436026,0.08014217903355472
1579,1,0,0,0.06689087138025539,4.0,21.163885759531887,9.068831714840197,0.019858604093022564,0.0,13,0.5650441333098083,0.7607095728477506,0.08042802194917487,0.0,0.0,0.0,0.08042802194917487,0.06905417415217492
1580,1,0,1,0.06668338975183637,4.0,21.108008606475288,8.842110921969194,0.008400440387456489,0.0,13,0.47321999093169553,0.7558179368593022,0.06874898223339646,0.0,0.0,0.0,0.09218270520289402,0.07775698822734077
1581,1,0,1,0.06695001952831117,4.0,20.87619869565991,8.621058148919962,0.0016847447043223855,0.0,13,0.2958903043465075,0.748752988211112,0.04029417409880462,0.0,0.0,0.0,0.07934156870491782,0.06667159991423224
1582,1,0,1,0.06675091699990338,4.0,20.43319495247661,8.405531695196965,0.0,0.0,13,0.0789012242081981,0.7374314211144969,0.010108468225934314,0.0,0.0,0.0,0.09162769389487022,0.0751834428043811
1583,1,0,1,0.06679612406474325,4.0,19.922365078664697,8.19539340281704,0.0,0.0,13,0.0,0.7209681661918395,0.0,0.0,0.0,0.0,0.09121530729689437,0.07390611446175138
1584,1,0,1,0.06686753053838794,4.0,19.424305951698077,7.9905085677466134,0.0,0.0,13,0.0,0.7029439620370435,0.0,0.0,0.0,0.0,0.09048735095080801,0.07175318350586479
1585,1,0,0,0.06711440488236901,4.0,18.938698302905628,7.7907458535529495,0.0,0.0,13,0.0,0.6853703629861174,0.0,0.0,0.0,0.0,0.08071196229015523,0.06158249802036887
1586,1,0,1,0.06698933465857099,4.0,18.465230845332986,7.595977207214126,0.0,0.0,13,0.0,0.6682361039114645,0.0,0.0,0.0,0.0,0.08955373531897255,0.0676179069870946
1587,1,0,0,0.06720970248675932,4.0,18.00360007419966,7.406077777033772,0.0,0.0,13,0.0,0.6515302013136779,0.0,0.0,0.0,0.0,0.08032456039646049,0.05865778799742974
1588,1,0,1,0.0671054347650524,4.0,17.55351007234467,7.220925832607929,0.0,0.0,13,0.0,0.6352419462808359,0.0,0.0,0.0,0.0,0.08790815642263805,0.06368889892912649
1589,1,0,0,0.06716109943175375,4.0,17.11467232053605,7.04040268679273,0.0,0.0,13,0.0,0.619360897623815,0.0,0.0,0.0,0.0,0.08699777979188313,0.062329250882625274
1590,1,0,0,0.06737245296748451,4.0,16.686805512522653,6.864392619622912,0.0,0.0,13,0.0,0.6038768751832195,0.0,0.0,0.0,0.0,0.07852509752851022,0.0546972652236655
1591,1,0,1,0.06742770564137186,4.0,16.269635374709587,6.692782804132339,0.0,0.0,13,0.0,0.5887799533036391,0.0,0.0,0.0,0.0,0.0776130763083053,0.052786496078845786
1592,1,0,1,0.0674784331773164,4.0,15.862894490341848,6.525463234029029,0.0,0.0,13,0.0,0.5740604544710481,0.0,0.0,0.0,0.0,0.07685689533762077,0.05185266731003858
1593,1,1,1,-0.23245973853433283,3.7675402614656672,15.990445946301527,6.362326653178306,0.23745050931016554,0.0,13,0.5241238182182286,0.559708943109272,0.07529694413900685,0.0,0.0,0.0,0.07529694413900684,0.05039466169888733
1594,1,0,1,0.06740782120931223,3.8349480826749796,16.155748456439902,6.203268486848847,0.22388214329546852,0.0,13,0.565063658795909,0.5588193149869958,0.081410196088182,0.0,0.0,0.0,0.081410196088182,0.053968877594857745
1595,1,0,1,0.06754906586210416,3.902497148537084,16.27122029208507,6.048186774677625,0.2114436459559441,0.0,13,0.5193655470561668,0.5589754235822186,0.07463098403714673,0.0,0.0,0.0,0.07463098403714674,0.04861455549216161
1596,1,0,1,0.06741913733962804,3.969916285876712,16.42482878593229,5.896982105310685,0.19798500587663523,0.0,13,0.5603890011493522,0.5579851766690673,0.08075184047585326,0.0,0.0,0.0,0.08075184047585326,0.05281153702761641
1597,1,0,1,0.06741152778833912,4.0,16.57883351836623,5.749557552677918,0.18442393504897217,0.0,13,0.5646254520822422,0.5580452722810745,0.08136642496597789,0.0,0.0,0.0,0.0813664249659779,0.052429844958627986
1598,1,0,1,0.06743137026849368,4.0,16.72155694191897,5.60581861386097,0.17103814661269912,0.0,13,0.5571942615118957,0.5582097767761037,0.08031473061763858,0.0,0.0,0.0,0.08031473061763858,0.05132577722175739
1599,1,0,1,0.06743567943319044,4.0,16.860144157375938,5.465673148514446,0.15766488973514564,0.0,13,0.5566261390049433,0.5581843888944986,0.08023954126532083,0.0,0.0,0.0,0.08023954126532082,0.05081267177227253
1600,1,0,1,0.06759411896500013,4.0,16.940965219282198,5.329031319801585,0.14564017705560853,0.0,13,0.5023246658406579,0.5581454326472597,0.0721482760772227,0.0,0.0,0.0,0.0721482760772227,0.04530286301300801
1601,1,0,1,0.06762547029140271,4.0,17.01331924438332,5.195805536806544,0.13376160751465624,0.0,13,0.4958781555831817,0.5567499134770946,0.07127141724571377,0.0,0.0,0.0,0.07127141724571377,0.0439498915047499
1602,1,0,0,0.0676326133579824,4.0,17.081546186624454,5.0659103983863805,0.12194384074106539,0.0,13,0.49355992335071275,0.5552281195297467,0.07090660064154514,0.0,0.0,0.0,0.07090660064154512,0.04315580490773153
1603,1,0,0,0.06747364476105087,4.0,17.200656690020768,4.9392626384267215,0.10881066060081557,0.0,13,0.5461491580619268,0.5536864146252709,0.07879908084149881,0.0,0.0,0.0,0.07879908084149881,0.047620269826821514
1604,1,0,1,0.0674844325460101,4.0,17.311813076063725,4.815781072466054,0.09579541774750842,0.0,13,0.5411728032934758,0.5534979832111873,0.07809145711984292,0.0,0.0,0.0,0.07809145711984292,0.04679912830519704
1605,1,0,1,0.0676622788985691,4.0,17.36360414097681,4.695386545654403,0.0842053013355586,0.0,13,0.48458639181467805,0.5531898537132445,0.06954069847169886,0.0,0.0,0.0,0.06954069847169886,0.041379311499671764
1606,1,0,1,0.06766487398462274,4.0,17.412721284173788,4.578001882013043,0.07264440760988942,0.0,13,0.48320724672139886,0.5514747671657803,0.06936536235401514,0.0,0.0,0.0,0.06936536235401514,0.0407822781032662
1607,1,1,1,-0.23249897001765024,3.7675010299823497,17.512970233114423,4.463551834962717,0.3097627195728465,0.0,13,0.5355669810449804,0.5497680791546709,0.07729012822225739,0.0,0.0,0.0,0.07729012822225739,0.04556426365401282
1608,1,0,1,0.06752982186474765,3.8350308518470975,17.599341977619545,4.351963039088648,0.297151038700329,0.0,13,0.5241960003329806,0.5494130517019284,0.07567008523510524,0.0,0.0,0.0,0.07567008523510522,0.04420310855718763
1609,1,0,0,0.06770214905566624,3.9027330009027636,17.627164808406942,4.2431639631114315,0.2859539638372675,0.0,13,0.46780638022788534,0.5487826254177048,0.06718244917836867,0.0,0.0,0.0,0.06718244917836867,0.03922513174502284
1610,1,0,1,0.06753030063422155,3.9702633015369853,17.709455141114375,4.137084864033646,0.2733783545890818,0.0,13,0.5229694529176092,0.5467582192879594,0.07545365548911454,0.0,0.0,0.0,0.07545365548911454,0.04371811630831732
1611,1,0,0,0.06753282177501327,4.0,17.78699298662143,4.033657742432805,0.2608578823952723,0.0,13,0.5202742240349145,0.5461635001287006,0.07512283316285702,0.0,0.0,0.0,0.07512283316285702,0.04329569682952726
1612,1,0,1,0.06772184384493116,4.0,17.80283051825288,3.932816298871985,0.24984259319436067,0.0,13,0.46051235629698295,0.545516268226356,0.06609173520546954,0.0,0.0,0.0,0.06609173520546954,0.03794183021404995
1613,1,0,1,0.06756941604471285,4.0,17.869222453571567,3.834495891400185,0.23753119522562208,0.0,13,0.5114626982750108,0.5433911704281216,0.07386838781243155,0.0,0.0,0.0,0.07386838781243155,0.0413831304006168
1614,1,0,1,0.06774117186960955,4.0,17.87708906231628,3.738633494115181,0.22665801678546552,0.0,13,0.4545971700840033,0.5425929586242938,0.0652390706409394,0.0,0.0,0.0,0.0652390706409394,0.03698032741406638
1615,1,0,1,0.06758555045048559,4.0,17.9353443274822,3.6451676567623013,0.21449618684958546,0.0,13,0.5051824917238229,0.5403930639107866,0.07297097961528068,0.0,0.0,0.0,0.07297097961528068,0.04066185939445682
1616,1,0,1,0.06759195628183973,4.0,17.99154615419188,3.5540384653432437,0.2023499360829041,0.0,13,0.5045854348967383,0.5395127996061124,0.07287750460008774,0.0,0.0,0.0,0.07287750460008774,0.040271637553839106
1617,1,1,1,-0.2324105146314396,3.7675894853685605,18.04554852026223,3.4651875037096627,0.44022428453480505,0.0,13,0.5037910199251455,0.5386396154883781,0.07275390928859399,0.0,0.0,0.0,0.07275390928859399,0.0398703764929733
1618,1,0,1,0.06759159017707454,3.835181075545635,18.094470853947637,3.378557816116921,0.42819159012156427,0.0,13,0.500061046691965,0.5377684005992973,0.0721961664794451,0.0,0.0,0.0,0.0721961664794451,0.03929727025416571
1619,1,0,1,0.06760205263747356,3.9027831281831085,18.13768440401537,3.294093870713998,0.4162658516318764,0.0,13,0.4955753214164218,0.5368257167516141,0.07155443093812772,0.0,0.0,0.0,0.07155443093812772,0.03914565851185941
1620,1,0,1,0.06761140383158469,3.970394532014693,18.17786364242494,3.2117415239461478,0.40439115367746986,0.0,13,0.4936213485099563,0.5357944568682342,0.0712481877264389,0.0,0.0,0.0,0.0712481877264389,0.03864016886083835
1621,1,0,1,0.06779686986532844,4.0,18.15668397006926,3.131447985847494,0.39403703101302967,0.0,13,0.43326691870494183,0.5347401291592773,0.06212473598664129,0.0,0.0,0.0,0.0621247359866413,0.03469928523603145
1622,1,0,1,0.06761976798368668,4.0,18.192962689479383,3.053161786201307,0.38223741713611226,0.0,13,0.49019581866185735,0.5322032988979188,0.0707976832615043,0.0,0.0,0.0,0.0707976832615043,0.03827278981996858
1623,1,0,1,0.06780463482080548,4.0,18.170278499853058,2.976832741546274,0.37191352579515735,0.0,13,0.4321398776106554,0.5311531118920173,0.0619433480457291,0.0,0.0,0.0,0.06194334804572911,0.03423176602228451
1624,1,0,0,0.06782251304291172,4.0,18.145465291725696,2.9024119230076177,0.3616485898701411,0.0,13,0.4294437543689652,0.5286777810349833,0.06158961555009779,0.0,0.0,0.0,0.06158961555009779,0.033625293198174276
1625,1,0,0,0.06783151247437805,4.0,18.117447260270893,2.8298516249324273,0.35148481032828044,0.0,13,0.4256186008383419,0.5261969303683329,0.06098267725116379,0.0,0.0,0.0,0.06098267725116378,0.03329451231770554
1626,1,0,1,0.06766639622432645,4.0,18.144790817567554,2.7591053343091163,0.3399177035326601,0.0,13,0.48027973880342856,0.523682472130083,0.06940264077372223,0.0,0.0,0.0,0.06940264077372223,0.03630795441586257
1627,1,0,1,0.06765719831270385,4.0,18.173334123636273,2.6901277009513884,0.32830272912339376,0.0,13,0.4821630765079125,0.5225974037969168,0.06968984645559798,0.0,0.0,0.0,0.06968984645559798,0.036217253738735355
1628,1,0,1,0.06766874436093286,4.0,18.19730269767089,2.6228745084276035,0.3167874669053409,0.0,13,0.4783019271255195,0.5215865456146915,0.06909157330831706,0.0,0.0,0.0,0.06909157330831706,0.03578168143109024
1629,1,0,1,0.06767762037015203,4.0,18.218016303185273,2.5573026457169132,0.3053333539426414,0.0,13,0.4756461729561594,0.5205044301524623,0.06872467777619701,0.0,0.0,0.0,0.06872467777619702,0.03538244633562507
1630,1,0,1,0.06769041326049917,4.0,18.23548179879065,2.4933700795739906,0.2939428118910783,0.0,13,0.47291590318500953,0.5193829737225548,0.06834325230937863,0.0,0.0,0.0,0.06834325230937863,0.034679775667339624
1631,1,0,1,0.06769543442415371,4.0,18.24985993539662,2.431035827584641,0.2826135001655904,0.0,13,0.47026518157573177,0.5182212969591161,0.06797587035292738,0.0,0.0,0.0,0.06797587035292738,0.034807770482634184
1632,1,2,1,-0.23212932267111347,3.7678706773288866,18.206313628851,2.5339988546330128,0.27276145608302127,0.24468285510447896,13,0.5764391145772807,0.5170223940745315,0.09101513386854099,0.0,0.0,0.0,0.05911226449541469,0.03190286937312629
1633,1,0,1,0.0678593352717584,3.835730012600645,18.16451532933611,2.6379229054167728,0.2629048590873918,0.23925322239845415,13,0.5806335633559716,0.5185078120871003,0.09171737820992551,0.0,0.0,0.0,0.05913958197377681,0.0325777962361487
1634,1,0,1,0.06785242435460563,3.9035824369552503,18.124592598392574,2.7407015861510113,0.25302850955265155,0.23376995653034507,13,0.5829169056595249,0.5200609558688221,0.09215769241709579,0.0,0.0,0.0,0.05925809720844136,0.03289959520865443
1635,1,0,0,0.06764283050145103,3.9712252674567012,18.152439107888892,2.8621962535792322,0.24145049629586388,0.22761337541560644,13,0.6709735315381308,0.5216323546135896,0.10640756622915828,0.0,0.0,0.0,0.06946807954072619,0.03693948668843208
1636,1,0,1,0.06761256892446095,4.0,18.183479130552794,2.985587267247391,0.229777506586228,0.22128479880832633,13,0.6797969203687627,0.5253658840367031,0.10800939790149562,0.0,0.0,0.0,0.07003793825781514,0.03797145964368047
1637,1,2,1,-0.2323909047161561,3.767609095283844,18.212916453269052,3.1087737731363747,0.2181277881817654,0.46485976152105124,13,0.6818504885502483,0.5292266599450046,0.10844853415042632,0.0,0.0,0.0,0.06989831042677552,0.0385502237236508
1638,1,0,1,0.0675399303466481,3.8351490256304923,18.255131785329887,3.238658313411001,0.2061641254672719,0.45809972028880686,13,0.7051421279955952,0.5330422556601357,0.11234222368042734,0.0,0.0,0.0,0.07178197628696127,0.04056024739346609
1639,1,0,1,0.06753045541734973,3.902679481047842,18.295993010444466,3.3691577867233526,0.19420635901399355,0.4512151555693425,13,0.7087054508954539,0.5373447524685222,0.11305398703645611,0.0,0.0,0.0,0.07174659871966983,0.041307388316786264
1640,1,2,1,-0.23249079416615204,3.6701886868816898,18.33904902273001,3.5022857005056234,0.1821768252476923,0.49290598827695975,13,0.717812695997012,0.5416287699291955,0.11474127293604906,1.207290933416055,0.0,5.551115123125783e-17,0.07217720259780752,0.04256407033824154
1641,1,0,1,0.0677141004421031,3.737902787323793,18.3090837689808,3.608510565304322,0.17196907569277706,0.48655780077438954,13,0.6222929791303725,0.5460333680808909,0.09933562234491339,0.0,0.0,0.0,0.06124649732949173,0.03808912501542166
1642,1,0,1,0.0677033198223672,3.80560610714616,18.281713736874167,3.7130036399725137,0.1617243045637324,0.48018951902791757,13,0.6250629009186934,0.547939858357128,0.0996783172530987,0.0,0.0,0.0,0.06146862677426763,0.03820969047883107
1643,1,0,1,0.06744500843420866,3.8730511155803686,18.33524293029061,3.852518807011732,0.14945269863222993,0.4725971598211563,13,0.7429122948768275,0.5498679344211671,0.11918379082958258,0.0,0.0,0.0,0.07362963558901497,0.04555415524056759
1644,1,0,1,0.06767254935712766,3.9407236649374964,18.30828356530006,3.957610228941064,0.13918599670965268,0.46599508723895067,13,0.6328261003713351,0.5546940434325586,0.1012126470286981,0.0,0.0,0.0,0.06160021153546349,0.039612435493234614
1645,1,0,1,0.06741088658636483,4.0,18.364764556432675,4.1000085258247525,0.12682655829956144,0.4580907239462011,13,0.7555266328723366,0.5566473448560281,0.12158281021704441,0.0,0.0,0.0,0.07415663046054757,0.04742617975649682
1646,1,0,1,0.0673924570566105,4.0,18.42122968032242,4.242646275514598,0.11443680264144766,0.4500458105119762,13,0.7607222006360281,0.5616193270564357,0.12260801455403221,0.0,0.0,0.0,0.07433853394868262,0.0482694806053496
1647,1,0,1,0.06735709407586021,4.0,18.48234831658837,4.391003762435224,0.10190489636636653,0.44168496941113644,13,0.7760730220825003,0.5665968988959256,0.12535648425552515,0.0,0.0,0.0,0.07519143765048678,0.05016504660503838
1648,1,0,1,0.06733816970425353,4.0,18.543956658074883,4.539469505590322,0.08932379995206967,0.43319331601723093,13,0.7819078866172036,0.57183380197559,0.12643649884921437,0.0,0.0,0.0,0.07548657848578112,0.05094992036343326
1649,1,0,1,0.06730669825435658,4.0,18.605345803970554,4.68989217744773,0.07670953382983457,0.4244962548448426,13,0.7888974718447058,0.5770856540916303,0.12786796376774012,0.0,0.0,0.0,0.07568559673341056,0.052182367034329546
1650,1,1,1,-0.232445707243478,3.767554292756522,18.582365665971842,4.798344164515806,0.31620546995204923,0.417060855985852,13,0.6678527986048233,0.582380949535457,0.1076367764206556,0.0,0.0,0.0,0.06302438326671192,0.044612393153943664
1651,1,0,1,0.06748221617360982,3.835036508930132,18.581266855385646,4.91344818566319,0.3051555906005017,0.409322832687236,13,0.6985229563233791,0.5845177457621913,0.11272741590098133,0.0,0.0,0.0,0.06629927610928528,0.04642813979169605
1652,1,0,0,0.06724101444237365,3.9022775233725056,18.652607590551394,5.071826230055001,0.2922890342476354,0.40009307614740863,13,0.8170866555837766,0.5873678760262209,0.13257787735616156,0.0,0.0,0.0,0.0771993381171975,0.055378539238964034
1653,1,0,1,0.06720359431733615,3.969481117689842,18.728411017123246,5.234480387182024,0.2792795606098409,0.39053910300658384,13,0.8315684292140358,0.5931108455151599,0.13538068067171652,0.0,0.0,0.0,0.07805684182676736,0.05732383884494915
1654,1,0,1,0.06718282548932263,4.0,18.801503322051385,5.3997148115684555,0.2662878912674086,0.38078125593960904,13,0.8373990144222024,0.5990722851076318,0.13649709845644226,0.0,0.0,0.0,0.0779500160545939,0.058547082401848353
1655,1,0,1,0.06739838867436757,4.0,18.802354910913884,5.520101779310112,0.2550853349532838,0.37235102431520567,13,0.7262690099446545,0.6050304533404961,0.11779672763116905,0.0,0.0,0.0,0.06721533788474848,0.05058138974642057
1656,1,2,1,-0.23260723117314835,3.7673927688268516,18.800980007757275,5.637025780798593,0.24393982303366415,0.4915833215902898,13,0.7236105155874684,0.6080614172556,0.11737314197597966,0.7341061458912338,0.0,0.0,0.06687307151771782,0.050500070458261846
1657,1,0,1,0.06734687542775708,3.8347396442546087,18.80870184074169,5.75933259432754,0.23256521906527983,0.4829091344755428,13,0.7409787912272581,0.6109501447138967,0.12029274649878727,0.0,0.0,0.0,0.06824762381030598,0.05204512268848128
1658,1,0,1,0.06732707363231442,3.9020667178869233,18.82266620479917,5.884286768882268,0.22103475334765452,0.47401809703444037,13,0.7531193994889386,0.6142008608767308,0.12252901895236652,0.0,0.0,0.0,0.06918279430575203,0.05334622464661449
1659,1,0,1,0.06731121574497245,3.969377933631896,18.83738063001608,6.010339171622073,0.2094869418137358,0.4649915473228043,13,0.758440652298753,0.617673824342036,0.1234461674733295,0.0,0.0,0.0,0.06928686920351229,0.0541592982698172
1660,1,0,1,0.06707166217159279,4.0,18.926195643150837,6.18298144908556,0.1960587529728224,0.4542691109798051,13,0.882650285639196,0.6211929950409539,0.14490375110347528,0.0,0.0,0.0,0.08056913304548029,0.064334618057995
1661,1,0,1,0.06703090376437602,4.0,19.0194588735823,6.363575510779638,0.18247996463724267,0.4431575590568146,13,0.9015867194314511,0.62772942730591,0.14814204155142133,0.0,0.0,0.0,0.0814727300134785,0.06666931153794282
1662,1,0,1,0.0670106194153657,4.0,19.111420096277758,6.541405373030927,0.1688718702414096,0.43194907041775826,13,0.9043669445557974,0.6345758596090484,0.1488994982093359,0.0,0.0,0.0,0.0816485663749985,0.0672509318343374
1663,1,2,1,-0.2330112255106476,3.766988774489352,19.203085368503153,6.720148416324411,0.15521697078627797,0.48862269167279965,13,0.9117289522515966,0.6413206367327171,0.15019324669399145,1.09169442250655,0.0,5.551115123125783e-17,0.08192939673078982,0.06826384996320164
1664,1,0,1,0.06717381881130538,4.0,19.222834221719566,6.853981351181871,0.14335407808733755,0.47862465080488265,14,0.8016626326945631,0.6480808446206892,0.13116560140114497,0.0,0.0,0.0,0.0711773561936424,0.05998824520750255
1665,1,0,1,0.06716563535623318,4.0,19.241731289146806,6.987447148428394,0.1314941657743879,0.46850711190916267,14,0.8042832539962946,0.651920389322536,0.13186470725201765,0.0,0.0,0.0,0.07115947387769785,0.06070523337431981
1666,1,2,0,-0.23283398193020852,3.7671660180697915,19.2579450975824,7.1158554596684915,0.11969392949864338,0.48994223020374644,14,0.8003515806150772,0.65572946093938,0.13114803643198827,1.3110426714549757,0.0,0.0,0.07080141765446726,0.06034661877752102
1667,1,0,1,0.06713269045222782,3.8342987085220193,19.281768797366862,7.247243985247846,0.10770017561906302,0.47968874748989593,14,0.8145572392950852,0.6593450139312724,0.13348341956058565,0.0,0.0,0.0,0.07196252327748218,0.061520896283103484
1668,1,0,0,0.06689580039760899,3.901194508919628,19.384642342608295,7.43099808844633,0.09369182508129843,0.4675157267121443,14,0.9498529680052856,0.6632253195653677,0.15708822789309712,0.0,0.0,0.0,0.08405010322658743,0.07303812466650972
1669,1,0,1,0.06685590924083902,3.968050418160467,19.472724768717494,7.614362983252681,0.08003272239211758,0.4552028406111906,14,0.9418383316919141,0.6703910107763658,0.1558319327408079,0.0,0.0,0.0,0.0848531959696255,0.07387731660572268
1670,1,0,1,0.06709866186557602,4.0,19.406314786595345,7.741414570701373,0.07038423736475974,0.44469122050941773,14,0.7378187991257992,0.6771771937992545,0.12096063077478429,0.0,0.0,0.0,0.0707821543785996,0.06306972061063724
1671,1,0,0,0.06705713071088315,4.0,19.290815290207462,7.873716382811311,0.061750125880149914,0.43385872903075007,14,0.6954955496544717,0.678693233932418,0.11679961777966454,0.0,0.0,0.0,0.0731889855309672,0.06499494887200565
1672,1,0,1,0.06704753117473689,4.0,19.140363534579098,8.007268087227189,0.053898383426836095,0.42287535231156825,14,0.6622132406129843,0.6791132918254694,0.1130107150349739,0.0,0.0,0.0,0.07369085141257509,0.06590026031509104
1673,1,2,1,-0.23317209317108364,3.7668279068289166,19.01803445976651,8.182501192783672,0.04561302027110037,0.4874278943639833,14,0.7315948212890513,0.6786907905451574,0.12514481275051484,1.0372521138694093,0.0,0.0,0.0864813721775129,0.07543263381610044
1674,1,0,1,0.0668207041648503,3.833648610993767,18.85416500447532,8.356472191757828,0.03883954948682466,0.47474542954664195,14,0.6901149349967199,0.6800133913137545,0.11673561360970251,0.0,0.0,0.0,0.08696965682316057,0.07609478890404828
1675,1,0,1,0.0669815077633397,3.9006301187571064,18.6713666078742,8.496421278362858,0.032568934650762445,0.4631083182736479,14,0.6374166199097409,0.6802659299058287,0.10744635665433705,0.0,0.0,0.0,0.07765883927568831,0.0698226676379638
1676,1,0,1,0.06695944709327961,3.967589565850386,18.49578564331629,8.640159138637605,0.026242145995172345,0.4512190003799646,14,0.6473515928727586,0.6791946971559265,0.10929663929564039,0.0,0.0,0.0,0.07858142851695114,0.07133590736209976
1677,1,0,1,0.06694442517161246,4.0,18.329231418739013,8.786107806926138,0.019816138410659354,0.4391332219430451,14,0.6577930632601052,0.6783986195488474,0.11107071612859472,0.0,0.0,0.0,0.07951134985316088,0.07251467062151679
1678,1,0,1,0.06694248362410526,4.0,18.08935457165598,8.930573240189329,0.01523418201719313,0.4269720940906365,14,0.5824720668217868,0.6778834806416287,0.10045850547524883,0.0,0.0,0.0,0.07977111084071029,0.07296676711445149
1679,1,0,1,0.06693424644887841,4.0,17.84596367386621,9.0750644221921,0.010883286881742478,0.4146795276565616,14,0.5765984795091355,0.6754981952961328,0.09986076941715383,0.0,0.0,0.0,0.08070573989473527,0.07375539860444992
1680,1,2,1,-0.23318585827793475,3.7668141417220653,17.606660155112337,9.233345398571979,0.00657400410897616,0.4870968837323933,14,0.5920031600274651,0.6730257024014578,0.10327439424223832,0.9880771659393695,0.0,0.0,0.0896995417883723,0.07741869760564041
1681,1,0,0,0.06692635146409234,3.833740493186158,17.274469773738247,9.379727907498731,0.00432450155681535,0.4744604956241463,14,0.4851922663947708,0.671000138842108,0.08931534396244653,0.0,0.0,0.0,0.08223747637617132,0.07581832864948167
1682,1,0,1,0.06692226342538152,3.9006627566115393,16.95056944926692,9.524073286165642,0.0020753053094794143,0.4617709807160956,14,0.4867999962265039,0.6663549420309246,0.08963226693232029,0.0,0.0,0.0,0.0828618109983894,0.07613708944830466
1683,1,0,1,0.06692209147896133,3.9675848480905005,16.626419867890256,9.669349166087184,0.0,0.44891765525156574,14,0.48299236693069364,0.661866068385814,0.08957178464405534,0.0,0.0,0.0,0.0833149199942889,0.07711995278717886
1684,1,0,1,0.06691552215063482,4.0,16.210759371193,9.815658907038902,0.0,0.43595228161202404,14,0.3880434701038993,0.657394225849436,0.07779224183725035,0.0,0.0,0.0,0.0838816209676639,0.07779224183725035
1685,1,2,1,-0.23306917939313793,3.766930820606862,15.805490386913174,9.95550371530102,0.0,0.4871071644011426,14,0.38523628093809203,0.6506604569557977,0.07735701359314474,1.115713689672144,0.0,0.0,0.08458636261465213,0.07735701359314474
1686,1,0,1,0.06686711010718535,3.8337979307140473,15.410353127240345,10.097267348496455,0.0,0.4740968342507845,14,0.3906512260779599,0.6440248525553549,0.07806198090214797,0.0,0.0,0.0,0.09061014943536311,0.07806198090214797
1687,1,0,1,0.06692159008583391,3.900719520799881,15.025094299059337,10.2354709085417,0.0,0.4610318301486862,14,0.39063524375765446,0.6376905118934201,0.07839002461259033,0.0,0.0,0.0,0.08605675751169599,0.07839002461259033
1688,1,2,1,-0.2330997099231332,3.6676198108767477,14.649466941582851,10.365056659054453,0.0,0.4871544613108309,14,0.38547252322629566,0.6315141301900259,0.07707323213501466,1.2661909808921168,0.0,5.551115123125783e-17,0.09045342946968842,0.07707323213501466
1689,1,2,1,-0.2330807351419492,3.4345390757347984,14.283230268043281,10.503943213729084,0.0,0.4867575453500135,14,0.398012971150993,0.6253630900159327,0.07945472789991914,1.4229267678649857,0.0,1.1102230246251565e-16,0.08718031960665763,0.07945472789991914
1690,1,0,1,0.06693513441693733,3.501474210151736,13.9261495113422,10.623008826393397,0.0,0.4740522187373269,14,0.38166419300754006,0.6196793370443092,0.07623195967611943,0.0,0.0,0.0,0.0898228067088476,0.07623195967611943
1691,1,0,1,0.06694710802644774,3.5684213181781836,13.577995773558646,10.740395883725407,0.0,0.46133044817954943,14,0.38296227799184535,0.6137289584433899,0.07633062334666489,0.0,0.0,0.0,0.089594987392308,0.07633062334666489
1692,1,0,1,0.06695374870059774,3.6353750668787814,13.238545879219679,10.85410962535023,0.0,0.4486163992750413,14,0.3822236387179577,0.6079597914321013,0.07628429342704852,0.0,0.0,0.0,0.08951716635139043,0.07628429342704852
1693,1,2,1,-0.23302538416527763,3.4023496827135036,12.907582232239188,10.974886312485793,0.0,0.4869873708759986,14,0.39212942776931903,0.6023163876142477,0.07807577474400855,1.1916983956502478,0.0,5.551115123125783e-17,0.0861516583921316,0.07807577474400855
1694,1,0,1,0.0669851498857046,3.469334832599208,12.584892676433206,11.080211200584538,0.0,0.47438730703543924,14,0.3796970459108893,0.5970617136181245,0.0756003830433561,0.0,0.0,0.0,0.08833215864020685,0.0756003830433561
1695,1,0,0,0.06700151359006865,3.5363363461892767,12.270270359522376,11.181029729882269,0.0,0.4618462908191376,14,0.37782380931234616,0.5916275969254436,0.07524609729781001,0.0,0.0,0.0,0.08773841022749071,0.07524609729781001
1696,1,0,1,0.06702339464524526,3.603359740834522,11.963513600534316,11.277960910588176,0.0,0.4493751755511799,14,0.3764569239529628,0.5862825022351161,0.07482669160774591,0.0,0.0,0.0,0.08694510090393773,0.07482669160774591
1697,1,0,1,0.06703253982242749,3.6703922806569493,11.66442576052096,11.388144732010618,0.0,0.4364193474697334,14,0.3921328441871464,0.5810368627780624,0.07773496848867929,0.0,0.0,0.0,0.08390589338087705,0.07773496848867929
1698,1,1,1,-0.23295753228421137,3.437434748372738,11.958035586570938,11.495717929836333,0.23612005340144768,0.423448653453771,14,0.9774972861889858,0.5763142623132894,0.1611038436870883,0.0,0.0,0.0,0.08327967959131398,0.07782416409577433
1699,1,0,1,0.06698926927864189,3.50442401765138,12.273550635755953,11.58965256504846,0.2215013702610528,0.4108305653744544,14,0.9957935223073229,0.5863438379101819,0.16342062731826879,0.0,0.0,0.0,0.0877120988423692,0.07570852847589957
1700,1,0,1,0.06693524234003015,3.5713592599914104,12.578687017542087,11.700913361289892,0.20694970989187103,0.397607813500167,14,1.012977258047676,0.5965800800201104,0.16664647346081526,0.0,0.0,0.0,0.08730996221509074,0.07933651124572451
1701,1,0,1,0.06690795163270896,3.6382672116241195,12.882310965413556,11.811463581633966,0.19224517403057137,0.38431321252846823,14,1.0211641776863407,0.6069900094707995,0.16799482099799085,0.0,0.0,0.0,0.08822721516779791,0.07976760583019292
1702,1,0,1,0.06687823173159972,3.705145443355719,13.184056445619634,11.92219099315881,0.17740563352786012,0.3709325485193115,14,1.0298172554071123,0.6173443636761881,0.16932122707120778,0.0,0.0,0.0,0.08903724301626738,0.08028398405494039
1703,1,0,1,0.06683790823867246,3.7719833515943915,13.486083877508209,12.035657731534634,0.1623770826964469,0.3573524937930137,14,1.04315035623386,0.6276561859694612,0.17165163334626582,0.0,0.0,0.0,0.09017130498847939,0.08148032835778642
1704,1,0,1,0.06681775972442643,3.838801111318818,13.785485666262336,12.145353622907749,0.14722183970345373,0.34380763919399365,14,1.0471412203533106,0.6380435402260712,0.17220058555207912,0.0,0.0,0.0,0.09093145795795907,0.08126912759412008
1705,1,0,1,0.06680788090736514,3.905608992226183,14.098054375801436,12.231202698397844,0.13155988114298792,0.3309049613460336,14,1.0466887672584466,0.6482709822292521,0.17138781845055542,0.0,0.0,0.0,0.09397175136279473,0.0774160670877607
1706,1,0,1,0.06675673848250342,3.9723657307086864,14.392616039513785,12.341216981765138,0.11615594320763273,0.3171937247078742,14,1.0628073739346258,0.658231426854982,0.17469104744108752,0.0,0.0,0.0,0.09242362761213116,0.08226741982895634
1707,1,0,0,0.0667396598750844,4.0,14.682181195813802,12.449368017603454,0.1006964676882132,0.3034657175324,14,1.0660620176703048,0.6683458255319731,0.17512489616936242,0.0,0.0,0.0,0.09275685311651727,0.08236804305284515
1708,1,0,1,0.0667057060601025,4.0,14.969868736078631,12.559720520319267,0.08510637194866132,0.2895694261545232,14,1.076328773316077,0.6782887303354315,0.17691832270457244,0.0,0.0,0.0,0.09354057443731134,0.0833777482672611
1709,1,0,1,0.06669461468214706,4.0,15.272041945394927,12.644164946286566,0.0689914365800118,0.27635341970053856,14,1.0748573666935413,0.6882397314099475,0.1759856509358047,0.0,0.0,0.0,0.09668961221189695,0.07929603872390775
1710,1,1,1,-0.233328337422854,3.766671662577146,15.546536409969395,12.751867668562411,0.30337559856040985,0.2623838904474782,14,1.080102359142347,0.6979051722920373,0.17751220363597406,0.0,0.0,0.0,0.09369502811761157,0.08381717551836249
1711,1,0,1,0.0666078783407531,3.833279540917899,15.825976545706435,12.858841122078934,0.2874503551564222,0.24838923408320604,14,1.0938736912168594,0.7074601019632951,0.179519398609559,0.0,0.0,0.0,0.09555146042392648,0.08396793818563253
1712,1,0,1,0.06659294640479088,3.89987248732269,16.09837279662061,12.964283372728133,0.27152758057769844,0.23434496174523275,14,1.0949589432580078,0.7171204416946342,0.1798022815001824,0.0,0.0,0.0,0.09553664747234247,0.08426563402783994
1713,1,0,1,0.06657665379739705,3.966449141120087,16.38798215616361,13.044639936283932,0.25500817568375966,0.22094318974742203,14,1.0965323273325196,0.7265664042337185,0.17952706135049676,0.0,0.0,0.0,0.09911642936363269,0.08041063198686406
1714,1,0,1,0.0665526705349745,4.0,16.64912803813235,13.148495194811147,0.2390300319253403,0.2068070907010858,14,1.100816692807145,0.7358155523111887,0.18068545682853343,0.0,0.0,0.0,0.09586886255051583,0.0848165942780176
1715,1,0,1,0.06654239500540071,4.0,16.902948941750832,13.246472602092233,0.2230712398127728,0.19277294653382135,14,1.0967388917231544,0.7449405808235875,0.17995761767899185,0.0,0.0,0.0,0.09575275267540505,0.08420486500358683
1716,1,0,1,0.06652973673680876,4.0,17.150368864401358,13.342862037792546,0.20712411716988965,0.17869905613576761,14,1.097544896946916,0.7537355385960767,0.18012607824562102,0.0,0.0,0.0,0.09568273585729872,0.08444334238832227
1717,1,0,1,0.06648605780371074,4.0,17.4192365441347,13.422452552516878,0.19048288990687823,0.16501928323527187,14,1.1107889670125228,0.7623307725548476,0.18192600098104303,0.0,0.0,0.0,0.09984736357806857,0.08207863740297443
1718,1,2,1,-0.23354344619494186,3.766456553805058,17.684318796091702,13.504492513035602,0.17376714050214168,0.3971824932379057,14,1.1181644398920128,0.7710422274162896,0.18322406552792073,0.02409117088469559,0.0,0.0,0.10029449642841944,0.08292956909950132
1719,1,1,1,-0.23356438082095857,3.5328921729840994,17.915338884627968,13.608644794986722,0.4077551368403842,0.382655160042722,14,1.1148926532155687,0.7797202827281826,0.18323602114164653,0.0,0.0,0.0,0.09607202197054432,0.08716399917110222
1720,1,0,1,0.06637705026667055,3.59926922325077,18.15466381885776,13.713198113691215,0.3913847470029764,0.3680563609620348,14,1.1319778449246511,0.7880995919903673,0.18581513350857026,0.0,0.0,0.0,0.09822233902444727,0.087592794484123
1721,1,0,1,0.06631094835848768,3.6655801716092578,18.43076116960667,13.799849696875322,0.37395784793964976,0.35383865335712716,14,1.1594454822467415,0.7966965483137244,0.18986764000940565,0.0,0.0,0.0,0.1045613943799597,0.08530624562944591
1722,1,0,1,0.06630304014455593,3.731883211753814,18.69614849590794,13.882290112268446,0.356620389435389,0.3396875424445816,14,1.1535930133564474,0.8057652716620498,0.188931416500838,0.0,0.0,0.0,0.10402475102556498,0.08490666547527301
1723,1,0,1,0.06633740671813886,3.798220618471953,18.912102922533897,13.978359933145043,0.3403661947127001,0.32512050784845475,14,1.1264852127069653,0.8144609652044097,0.18492737591289513,0.0,0.0,0.0,0.09752516833613363,0.0874022075767615
1724,1,0,1,0.06631236400923596,3.864532982481189,19.1223685149633,14.075449388372828,0.32411783139506894,0.31044929602166565,14,1.129616619049156,0.8222615713919736,0.18551745086652105,0.0,0.0,0.0,0.09749017990578637,0.0880272709607347
1725,1,0,1,0.0662985937266522,3.930831576207841,19.325623037190226,14.173359893524104,0.3079118761451918,0.2956853619868249,14,1.131110474961611,0.8299454475834032,0.18581933570830783,0.0,0.0,0.0,0.097235731499263,0.08858360420904486
1726,1,0,1,0.06628871550386183,3.9971202917117026,19.520204210516756,14.270379131566116,0.29181555333384296,0.2808902397784047,14,1.1290749846363977,0.8374745732678583,0.18534867011861333,0.0,0.0,0.0,0.09657793686809274,0.08877073325052061
1727,1,0,1,0.06626420893378408,4.0,19.709993769327234,14.367011508307138,0.2757286069221377,0.2660239246000632,14,1.1311865191035733,0.8447645835520718,0.18571956954028113,0.0,0.0,0.0,0.09652167847023174,0.08919789107004941
1728,1,0,1,0.0662055589438596,4.0,19.936610236564942,14.44103047625056,0.258566955055621,0.25164883209223426,14,1.1525605671219883,0.8519251319408594,0.1892204662460734,0.0,0.0,0.0,0.10296991119910012,0.08625055504697329
1729,1,0,1,0.06619223070011106,4.0,20.157005926473943,14.513293506361057,0.24142044277881006,0.23727283708791216,14,1.1520997378398876,0.8594410178203875,0.18913504368679843,0.0,0.0,0.0,0.10287907366086566,0.08625597002593276
1730,1,0,1,0.06623563517891004,4.0,20.325344654754154,14.603524879826042,0.22548769676930805,0.22242281849587142,14,1.1253275875660713,0.8667574858208751,0.1846965876092567,0.0,0.0,0.0,0.09559647605701213,0.08910011155224455
1731,1,0,1,0.0662182727663899,4.0,20.49089847016153,14.695616655162759,0.20953081497996015,0.20744124397136943,14,1.1308673291085976,0.8732217383645049,0.18563073788309914,0.0,0.0,0.0,0.09574129073608727,0.08988944714701186
1732,1,0,0,0.0662062562349381,4.0,20.653302912526755,14.785743717341223,0.19353914913425616,0.19244166219486755,14,1.1321943826767948,0.8796628781331073,0.18594748573323538,0.0,0.0,0.0,0.09594999507422415,0.08999749065901123
1733,1,0,1,0.06615360091960444,4.0,20.846824919398724,14.851734799903205,0.17661432583962097,0.17800336811577203,14,1.1454892551806517,0.8859761657466994,0.1881787042423844,0.0,0.0,0.0,0.1015489397678112,0.08662976447457321
1734,1,0,1,0.06614674600670371,4.0,21.033060757059907,14.918236496842518,0.15974958078626453,0.16350774554069789,14,1.1452015275830454,0.8924639929825483,0.18816220577058348,0.0,0.0,0.0,0.10118847032013854,0.08697373545044494
1735,1,0,1,0.06612880252345726,4.0,21.213547987874435,14.98184985238694,0.14291706219771144,0.14903067307034534,14,1.142883017706508,0.8987824313475608,0.1878575463534336,0.0,0.0,0.0,0.10099511153131842,0.08686243482211514
1736,1,0,1,0.06611123072428889,4.0,21.389062195766478,15.047019689508236,0.12609369838497575,0.1344495488048935,14,1.1455689910198725,0.9048849460065344,0.18842692846912526,0.0,0.0,0.0,0.1009401828764142,0.08748674559271105
1737,1,0,1,0.06608116031761717,4.0,21.564902635457937,15.107509232405569,0.10915792220897243,0.12003956694154007,14,1.14723202972066,0.910902047131868,0.18807454823614023,0.0,0.0,0.0,0.10161465705601981,0.0873380148561923
1738,1,2,0,-0.23394153240153978,3.76605846759846,21.73539078783314,15.171353307448367,0.0922408160847271,0.34608320046045743,14,1.1511425241145907,0.9168102966965876,0.18941148082684517,0.05582935480512308,0.0,0.0,0.10150263674547204,0.08790884408137313
1739,1,0,1,0.06609387833884396,3.832152345937304,21.860614877421195,15.256169121763218,0.07643657889102277,0.3308511110710439,14,1.1327085062849458,0.9226686023820377,0.1862179594987066,0.0,0.0,0.0,0.09482542316222588,0.09139253633648071
1740,1,0,1,0.06600890877531727,3.898161254712621,22.02651800590551,15.322141800845884,0.05946933273692414,0.31599846864384873,14,1.1597954075465884,0.9279195999796105,0.1909193314877629,0.0,0.0,0.0,0.10180347692459184,0.08911585456317112
1741,1,0,1,0.06605900016095821,3.964220254873579,22.142851874161657,15.405794592925423,0.043712019382015514,0.3006894478249043,14,1.1337031555044683,0.9337164951687849,0.18639800504311818,0.0,0.0,0.0,0.0945438801294518,0.0918541249136664
1742,1,0,0,0.06604513271032443,4.0,22.22305944425919,15.489428170896046,0.028809529452288637,0.2853099896143348,14,1.1025573097453356,0.938716161677177,0.18169168884177883,0.0,0.0,0.0,0.09462688299824504,0.09227674926341761
1743,1,0,1,0.066053206783223,4.0,22.099109640652316,15.56697597120135,0.018671840420981176,0.2700840352606961,14,0.896410187077308,0.9428121903788809,0.15218186030967676,0.0,0.0,0.0,0.09409288008622016,0.09135572612183196
1744,1,0,1,0.06603463136863222,4.0,21.926705860522524,15.647431604938172,0.009583446182695713,0.2546922056225482,14,0.8497039939033768,0.9416521402963416,0.14688134325860017,0.0,0.0,0.0,0.09530796882332945,0.09235097782888739
1745,1,0,0,0.06603481006095782,4.0,21.67366051902387,15.726828661450348,0.0022556174431189293,0.23928076207859142,14,0.7657051516500369,0.9393534366365175,0.13643563370120126,0.0,0.0,0.0,0.09612464350735472,0.09246866126374058
1746,1,0,0,0.06597269634517834,4.0,21.214977163768026,15.778051093418597,0.0,0.22454150511559798,14,0.5275513062242616,0.9350122295118555,0.10196924643667436,0.0,0.0,0.0,0.10412088368114497,0.08843554177796077
1747,1,1,1,-0.23400940839910989,3.76599059160089,21.421104075110918,15.827428053413358,0.23247596212570965,0.20978037200806368,14,1.1803295777673184,0.9248257064296657,0.1937110258909479,0.0,0.0,0.0,0.10514422724574224,0.08856679864520567
1748,1,0,1,0.06596408092274506,3.831954672523635,21.618774694545564,15.882399917609147,0.2150275156225208,0.19478392284466528,14,1.1838557868435449,0.9312133032131069,0.19466937399952372,0.0,0.0,0.0,0.10469067901913318,0.08997869498039054
1749,1,0,1,0.06606863928980757,3.898023311813443,21.75032134652523,15.946888688117259,0.19914911949261613,0.17968253254803598,14,1.1335647877916433,0.9375293653038679,0.18587871855920374,0.0,0.0,0.0,0.09527037677942793,0.0906083417797758
1750,1,0,1,0.06595234727964283,3.9639756590930855,21.933179432653517,15.998777307814459,0.18185316992688236,0.164726687428982,14,1.1771769566915475,0.9424302508660622,0.1935107681087263,0.0,0.0,0.0,0.10377569739440234,0.08973507071432399
1751,1,0,1,0.06592784732700406,4.0,22.11387977794509,16.051613976753448,0.16450176568589397,0.149668505054912,14,1.1818359327422652,0.9482989185116995,0.19445751969035036,0.0,0.0,0.0,0.10410842544593035,0.09034909424442002
1752,1,0,1,0.0660218949789238,4.0,22.23603266897856,16.113585077936364,0.1485480472417643,0.134477689236393,14,1.138261336083845,0.9541373438674635,0.18686720557589195,0.0,0.0,0.0,0.09572231066477808,0.09114489491111384
1753,1,0,1,0.06591523754909362,4.0,22.403642000053512,16.11828268985387,0.1313305188508045,0.12188951304480977,14,1.1310473866653399,0.9587404436728731,0.17883422749525807,0.0,0.0,0.0,0.10330517034575878,0.08976079943975439
1754,1,0,1,0.06588632024354422,4.0,22.57017286565474,16.11554837686412,0.11403879870203039,0.10964435214054798,14,1.1268446698591554,0.9630481172476848,0.17722128631821552,0.0,0.0,0.0,0.10375032089264472,0.09026237127838092
1755,1,0,1,0.06605030311943563,4.0,22.661992603445086,16.047564735994186,0.09856100088404644,0.0996886624982355,14,0.9909791279833867,0.9671430310629716,0.15260092476177856,0.0,0.0,0.0,0.09286678690790365,0.08929529576514109
1756,1,1,1,-0.2341122373463701,3.76588776265363,22.81718832474784,15.86529679601498,0.3313730971349389,0.09296502147256501,14,0.9406667148095293,0.9677389334859818,0.1434692686486681,0.0,0.0,0.0,0.10312742249464504,0.0912309947979457
1757,1,0,1,0.06589101231288452,3.8317787749665144,22.958745098790452,15.690424811012196,0.3143973425159943,0.08613542981500732,14,0.9337469170588978,0.9670621280190707,0.14283207765901354,0.0,0.0,0.0,0.10185452771366758,0.0928608601451201
1758,1,1,0,-0.23410137756290172,3.5976773974036127,23.092935323968256,15.521177431763059,0.4831260074522796,0.07930347124201248,14,0.9311720936737301,0.9662292477450664,0.14223570672429114,0.3863840550959661,0.0,5.551115123125783e-17,0.10124395528632212,0.09397845462351742
1759,1,0,1,0.06588870087203272,3.6635660982756453,23.22682060517233,15.343487465386836,0.4661615100081757,0.07282810929425977,14,0.921548133721136,0.965352818893283,0.14063915635114027,0.0,0.0,0.0,0.10178698466462398,0.09402844736265488
1760,1,0,1,0.0660386183205141,3.7296047165961594,23.291096108255395,15.10172289368872,0.45085776539011424,0.06840262317239976,14,0.7867686331489289,0.9642577017639793,0.11837538443952884,0.0,0.0,0.0,0.09182246770836877,0.09181466176492939
1761,1,0,1,0.06590609410902111,3.7955108107051805,23.413177649386782,14.851240773907179,0.4340549501666256,0.06426463367479546,14,0.8314198963984516,0.959820475048603,0.1256448283265571,0.0,0.0,0.0,0.10081689134093133,0.09602867973513199
1762,1,0,1,0.06609804743559632,3.8616088581407766,23.46244789495836,14.619710658190547,0.4190027244305976,0.05993727745934515,14,0.7743505904372919,0.9566104605823491,0.11627749170887006,0.0,0.0,0.0,0.0903133544161682,0.09161557063789938
1763,1,0,0,0.06611642558893464,3.9277252837297114,23.506727930085475,14.390232800255596,0.4040540932948747,0.05570363646583004,14,0.7668561410208893,0.9520539638287228,0.11509363277542797,0.0,0.0,0.0,0.08969178681433734,0.09172801007263552
1764,1,0,0,0.0661276740890045,3.993852957818716,23.55054164526383,14.166638670612047,0.3890805332238916,0.0514925756437862,14,0.7676436037933296,0.947424018258527,0.1151077253581618,0.0,0.0,0.0,0.08984136042589873,0.09232284748787478
1765,1,0,1,0.06611885982863079,4.0,23.596727106900822,13.949446359650995,0.37402897827100645,0.04725660454278043,14,0.7719226585728389,0.942929507896897,0.11572515632334504,0.0,0.0,0.0,0.09030932971731041,0.09377470048394301
1766,1,0,1,0.06612824465123697,4.0,23.641827336413918,13.737740307513397,0.35897746488018795,0.04303229539527579,14,0.7720485140392886,0.9386543366637955,0.11565493522993914,0.0,0.0,0.0,0.09030908034491134,0.09414549563826782
1767,1,1,1,-0.23379559294877403,3.766204407051226,23.66800664577207,13.527682328377402,0.4853857091526262,0.03892220455485722,14,0.7506105213203417,0.934489191098183,0.11234629012675401,0.6538647892811277,0.0,5.551115123125783e-17,0.08768574508424257,0.09141652655656632
1768,1,0,1,0.06602787608700207,3.8322322831382283,23.766473568001857,13.32008776714203,0.4688939160229408,0.03480280959868442,14,0.820764585348152,0.9298922243537369,0.12366712851514969,0.0,0.0,0.0,0.09895075877811287,0.09728939081903314
1769,1,0,1,0.066219660502131,3.8984519436403593,23.79061087722686,13.114884925864459,0.45421031899847625,0.030865174869438298,14,0.746098501326029,0.9271640333785972,0.11172739052226366,0.0,0.0,0.0,0.08810158214678698,0.09004226066753734
1770,1,0,1,0.06625187941365919,3.9647038230540184,23.805666399136555,12.91290689088051,0.43973407309392826,0.02698149673967423,14,0.735714882003027,0.922637395077283,0.11015954420587278,0.0,0.0,0.0,0.0868574754272883,0.08929179873624055
1771,1,0,1,0.0660876950726609,4.0,23.889052779064787,12.67084994636489,0.4235199698052708,0.024989718348351148,14,0.7592937676630396,0.9179643322504266,0.10923529007988264,0.0,0.0,0.0,0.09728461973194417,0.09656156770757983
1772,1,2,1,-0.23389018174154103,3.766109818258459,23.963293148182878,12.838914668978727,0.4074648144215174,0.25892591043327756,14,1.1563026598676744,0.913997568135742,0.1927137797929621,0.0,0.0,0.0,0.09633093230252056,0.09638284749044156
1773,1,0,1,0.06625326731479964,3.8323630855732587,23.96768606844097,12.974847418051288,0.3931518645064407,0.24400207940424914,14,1.0603808647596897,0.9200551954290402,0.175420685664631,0.0,0.0,0.0,0.0858776994904605,0.08954298617417053
1774,1,0,1,0.06602665191820471,3.8983897374914633,24.05365274041195,13.149413713197509,0.37678016680403353,0.22746013619154434,14,1.184096304279506,0.9235633371623064,0.19748184549067166,0.0,0.0,0.0,0.09823018621444282,0.09925165927622887
1775,1,0,1,0.06601143367963572,3.964401171171099,24.13636038980539,13.320706617963125,0.36043983871804564,0.21088151271291689,14,1.184077215499293,0.9300766613402365,0.1975137093876918,0.0,0.0,0.0,0.09804196851592718,0.09947174087176465
1776,1,0,1,0.06622180041757393,4.0,24.13609681746084,13.450374972733762,0.3461378710469212,0.19575914242441964,14,1.0658314576202959,0.936426675194213,0.17654602775773015,0.0,0.0,0.0,0.08581180602674685,0.0907342217309833
1777,1,0,1,0.06620537068486251,4.0,24.135382893902168,13.581786130604902,0.33188232986484767,0.18045699465852127,14,1.0703590290673373,0.939661794754865,0.17734613368783153,0.0,0.0,0.0,0.08553324709244117,0.09181288659539036
1778,1,2,1,-0.23404167100203024,3.7659583289979697,24.220153344911147,13.750357012457602,0.3154477500536536,0.39992562204067844,14,1.1962705584743536,0.9429292256126768,0.19955570105887188,0.08224001351534993,0.0,0.0,0.09860747886716441,0.10094822219170746
1779,1,0,1,0.06614311007169817,3.832101439069668,24.226659140998592,13.87637312469052,0.3009079289988991,0.3845552508741597,14,1.0817846672545839,0.9492627589342187,0.17946115332763912,0.0,0.0,0.0,0.08723892632852717,0.09222222699911194
1780,1,2,0,-0.2338425780843734,3.5982588609852946,24.230406390334252,13.994942689850873,0.28639009126449005,0.4848046884315494,14,1.0748926211382412,0.9525758066422277,0.17827889581715708,0.8073315052449583,0.0,5.551115123125783e-17,0.08710702640645393,0.09117186941070315
1781,1,0,1,0.06585050994040026,3.664109370925695,24.333130483992832,14.164130442938507,0.26946664685677146,0.4675934375363975,14,1.2275455737508416,0.9556337270046282,0.20480817181722374,0.0,0.0,0.0,0.10154066644631193,0.10326750537091182
1782,1,0,0,0.06583889610249577,3.7299482670281905,24.426831519707356,14.333685862202756,0.2527059564007047,0.45024076324363466,14,1.225687978152059,0.9624315231732836,0.20468018849297775,0.0,0.0,0.0,0.10056414273640057,0.10411604575657722
1783,1,2,1,-0.23416584314196318,3.495782423886227,24.516793704409324,14.492714196000147,0.2359804014677385,0.4828378040950328,14,1.21800345304711,0.969012934547753,0.20332650502760005,1.2014445794618078,0.0,5.551115123125783e-17,0.10035332959779682,0.10297317542980322
1784,1,0,1,0.0657994162729046,3.561581840159132,24.606968969847127,14.651374754291755,0.21920117678676768,0.46556526225617484,14,1.2240735212396485,0.9752376975102368,0.20431059911897265,0.0,0.0,0.0,0.10067534808582511,0.10363525103314751
1785,1,0,1,0.06603301463965018,3.6276148547987823,24.615446779429433,14.76732302698709,0.20435512074196963,0.44979561187526773,14,1.1058846753811096,0.9814585931034722,0.18369423855423075,0.0,0.0,0.0,0.08907633626878811,0.09461790228544265
1786,1,0,0,0.06599251150598368,3.693607366304766,24.62953243406235,14.890649678200369,0.18941702220721857,0.4336556034085037,14,1.1219815510066107,0.9845692451604131,0.18646864200909094,0.0,0.0,0.0,0.08962859120850654,0.09684005080058443
1787,1,0,1,0.06602345336133432,3.7596308196661004,24.632971361201914,15.002631036025011,0.1746722356413393,0.41782817923701304,14,1.1034248377707736,0.988004552806568,0.18343326442421912,0.0,0.0,0.0,0.08846871939527555,0.09496454502894358
1788,1,0,1,0.06602296669603609,3.8256537863621363,24.636972483595596,15.10967255786484,0.1599235860825914,0.40206702417044404,14,1.101932704164184,0.9908900599306731,0.1830588277519016,0.0,0.0,0.0,0.08849189735248736,0.09456693039941427
1789,1,2,1,-0.23399673049877576,3.5916570558633607,24.644725008188047,15.221708134586008,0.14510863988534048,0.4839900347370701,14,1.1134542273501307,0.9936661260365109,0.18494946876108528,0.9124021450226643,0.0,5.551115123125783e-17,0.0888896771835057,0.09605979157757957
1790,1,2,1,-0.23401022032656002,3.3576468355368005,24.655415351372575,15.327711368537488,0.13021013547294671,0.48408014499586693,14,1.1133544057053602,0.9966608285693515,0.18491015649916093,1.40394020842242,0.0,0.0,0.08939102647436248,0.09551913002479845
1791,1,0,1,0.0659716600017153,3.423618495538516,24.670329852926255,15.435843183029373,0.11524722417669549,0.46797134962581594,14,1.122624484043317,0.9995781679977516,0.18643023999781383,0.0,0.0,0.0,0.08977746777750728,0.09665277222030655
1792,1,2,1,-0.2340640414513501,3.76593595854865,24.689154380670818,15.547223050701362,0.10014797879731635,0.48373628478506187,15,1.1328587213154426,1.0026543258988907,0.18817776356590393,1.307828097754895,0.0,5.551115123125783e-17,0.09059547227627487,0.09758229128962907
1793,1,0,1,0.06569899397929067,3.8316349525279407,24.78839547364804,15.683016658164128,0.08308782477013586,0.46636146702135295,15,1.2409441362242903,1.0059094357843046,0.2066098307453364,0.0,0.0,0.0,0.10236092416308304,0.10424890658225332
1794,1,0,1,0.06589688230964749,3.8975318348375882,24.80397246482898,15.79773269674315,0.06798617383604617,0.44982343512372286,15,1.1420783330552697,1.0117853032953041,0.1898380969903188,0.0,0.0,0.0,0.09060990560453802,0.09922819138578078
1795,1,2,1,-0.23433437051470193,3.663197464322886,24.903042499193834,15.928585324035943,0.050861848809741435,0.4826698250106302,15,1.2449652906969473,1.015042629039303,0.2067270000940471,1.1989406107423368,0.0,5.551115123125783e-17,0.1027459501578285,0.10398104993621862
1796,1,0,1,0.06589819193460938,3.7290956562574955,24.911566244185998,16.033472313862024,0.03585302894174638,0.46626571713379006,15,1.1342014303989951,1.0207906955807444,0.1884775664690118,0.0,0.0,0.0,0.09005291920797041,0.09842464726104139
1797,1,0,1,0.06563411318459327,3.794729769442089,25.0115295671688,16.157101248257586,0.018645139729258502,0.44896122369216623,15,1.2472182213295622,1.0236259639512006,0.2070742959246698,0.0,0.0,0.0,0.10324733527492719,0.10382696064974259
1798,1,1,1,-0.2341239898343292,3.56060577960776,25.008089380285792,16.259608024116943,0.2538515949471742,0.4325374972385188,15,1.1282823593620086,1.0292157703856597,0.1873036274143901,0.0,0.0,0.0,0.08876126869250586,0.09854235872188426
1799,1,0,1,0.06587127272387132,3.6264770523316314,25.015855455314,16.341907567103426,0.23875374820931197,0.4166699319789398,15,1.121758053124759,1.0316924351100685,0.1857924719846473,0.0,0.0,0.0,0.09058708042717316,0.09520539155747412
